# Simple ASCII Mesh File Format
#
# <Number of vertices>
#
# Px Py Pz ColR ColB ColG UVx UVy
#
# <Number of indices>
#
# <Indices>
#
# Radiosity is encoded in the color channel

1006

552.799988 0.000000 0.000000 0.581546 0.408060 0.209461 0.000000 0.000000
491.377777 0.000000 0.000000 0.582653 0.420702 0.216575 0.000000 0.000000
429.955566 0.000000 0.000000 0.594130 0.442024 0.228426 0.000000 0.000000
368.533295 0.000000 0.000000 0.609511 0.458165 0.237359 0.000000 0.000000
307.111115 0.000000 0.000000 0.608940 0.461376 0.239323 0.000000 0.000000
245.688873 0.000000 0.000000 0.501387 0.377418 0.193958 0.000000 0.000000
184.266647 0.000000 0.000000 0.342743 0.257830 0.123790 0.000000 0.000000
122.844437 0.000000 0.000000 0.233116 0.201250 0.070115 0.000000 0.000000
61.422218 0.000000 0.000000 0.318296 0.281764 0.117324 0.000000 0.000000
0.000000 0.000000 0.000000 0.490119 0.414989 0.194838 0.000000 0.000000
552.444458 0.000000 62.133335 0.599142 0.421745 0.216844 0.000000 0.000000
491.061707 0.000000 62.133331 0.608807 0.440139 0.227004 0.000000 0.000000
429.679016 0.000000 62.133335 0.623502 0.462476 0.239446 0.000000 0.000000
368.296265 0.000000 62.133331 0.637981 0.478631 0.248619 0.000000 0.000000
306.913605 0.000000 62.133335 0.581371 0.435917 0.226193 0.000000 0.000000
245.530838 0.000000 62.133331 0.355273 0.253339 0.127042 0.000000 0.000000
184.148132 0.000000 62.133331 0.195049 0.143402 0.055379 0.000000 0.000000
122.765419 0.000000 62.133335 0.161832 0.171526 0.042136 0.000000 0.000000
61.382710 0.000000 62.133331 0.354580 0.325498 0.136065 0.000000 0.000000
0.000000 0.000000 62.133335 0.463054 0.409165 0.183656 0.000000 0.000000
552.088867 0.000000 124.266670 0.638124 0.444451 0.228956 0.000000 0.000000
490.745667 0.000000 124.266663 0.642772 0.461643 0.238462 0.000000 0.000000
429.402466 0.000000 124.266670 0.662759 0.489484 0.253928 0.000000 0.000000
368.059235 0.000000 124.266663 0.682598 0.510476 0.265889 0.000000 0.000000
306.716064 0.000000 124.266670 0.627734 0.468529 0.244400 0.000000 0.000000
245.372818 0.000000 124.266663 0.360858 0.264157 0.137250 0.000000 0.000000
184.029617 0.000000 124.266663 0.000000 0.000000 0.000000 0.000000 0.000000
122.686409 0.000000 124.266670 0.125481 0.171559 0.032902 0.000000 0.000000
61.343204 0.000000 124.266663 0.301705 0.310048 0.111795 0.000000 0.000000
0.000000 0.000000 124.266670 0.387907 0.370702 0.149279 0.000000 0.000000
551.733276 0.000000 186.400009 0.625666 0.432009 0.222391 0.000000 0.000000
490.429565 0.000000 186.399994 0.619709 0.440622 0.227364 0.000000 0.000000
429.125916 0.000000 186.400024 0.664769 0.488238 0.253160 0.000000 0.000000
367.822174 0.000000 186.399994 0.704961 0.528682 0.275360 0.000000 0.000000
306.518494 0.000000 186.400009 0.686742 0.520027 0.271465 0.000000 0.000000
245.214783 0.000000 186.400009 0.486582 0.371438 0.194198 0.000000 0.000000
183.911087 0.000000 186.400009 0.000000 0.000000 0.000000 0.000000 0.000000
122.607391 0.000000 186.400024 0.110272 0.153296 0.028573 0.000000 0.000000
61.303696 0.000000 186.399994 0.342006 0.331772 0.129827 0.000000 0.000000
0.000000 0.000000 186.400009 0.478241 0.438299 0.187063 0.000000 0.000000
551.377808 0.000000 248.533340 0.495247 0.322009 0.163825 0.000000 0.000000
490.113586 0.000000 248.533325 0.487288 0.322295 0.164676 0.000000 0.000000
428.849396 0.000000 248.533340 0.515608 0.363354 0.187575 0.000000 0.000000
367.585144 0.000000 248.533325 0.569897 0.432779 0.224914 0.000000 0.000000
306.320984 0.000000 248.533340 0.672700 0.515660 0.267896 0.000000 0.000000
245.056763 0.000000 248.533325 0.588862 0.462992 0.235447 0.000000 0.000000
183.792572 0.000000 248.533325 0.500309 0.412059 0.201952 0.000000 0.000000
122.528381 0.000000 248.533340 0.565372 0.472390 0.228085 0.000000 0.000000
61.264191 0.000000 248.533325 0.605590 0.520944 0.242187 0.000000 0.000000
0.000000 0.000000 248.533340 0.634710 0.551145 0.253532 0.000000 0.000000
551.022217 0.000000 310.666687 0.335521 0.161139 0.077095 0.000000 0.000000
489.797516 0.000000 310.666687 0.335930 0.149897 0.071444 0.000000 0.000000
428.572815 0.000000 310.666687 0.202425 0.079493 0.037049 0.000000 0.000000
367.348114 0.000000 310.666687 0.258510 0.198263 0.102657 0.000000 0.000000
306.123474 0.000000 310.666687 0.421929 0.331839 0.168261 0.000000 0.000000
244.898743 0.000000 310.666687 0.611482 0.501463 0.245674 0.000000 0.000000
183.674057 0.000000 310.666687 0.722723 0.595698 0.291720 0.000000 0.000000
122.449371 0.000000 310.666687 0.717351 0.595875 0.288991 0.000000 0.000000
61.224686 0.000000 310.666687 0.672360 0.569954 0.269436 0.000000 0.000000
0.000000 0.000000 310.666687 0.647344 0.561345 0.257579 0.000000 0.000000
550.666626 0.000000 372.800018 0.344082 0.181032 0.088204 0.000000 0.000000
489.481445 0.000000 372.799988 0.309368 0.159985 0.077354 0.000000 0.000000
428.296295 0.000000 372.800049 0.184427 0.107777 0.052535 0.000000 0.000000
367.111084 0.000000 372.799988 0.000000 0.000000 0.000000 0.000000 0.000000
305.925903 0.000000 372.800018 0.363900 0.305551 0.145449 0.000000 0.000000
244.740723 0.000000 372.800018 0.653097 0.542823 0.262380 0.000000 0.000000
183.555542 0.000000 372.800018 0.712771 0.588286 0.287209 0.000000 0.000000
122.370361 0.000000 372.800049 0.707618 0.587502 0.284474 0.000000 0.000000
61.185181 0.000000 372.799988 0.667481 0.565235 0.266623 0.000000 0.000000
0.000000 0.000000 372.800018 0.641490 0.555732 0.254294 0.000000 0.000000
550.311096 0.000000 434.933350 0.366316 0.217552 0.105403 0.000000 0.000000
489.165405 0.000000 434.933350 0.351478 0.215111 0.103603 0.000000 0.000000
428.019714 0.000000 434.933350 0.316766 0.211407 0.101445 0.000000 0.000000
366.874023 0.000000 434.933350 0.296280 0.212551 0.101031 0.000000 0.000000
305.728394 0.000000 434.933350 0.504376 0.411405 0.196312 0.000000 0.000000
244.582687 0.000000 434.933350 0.659629 0.542125 0.263593 0.000000 0.000000
183.437012 0.000000 434.933380 0.705550 0.579889 0.283629 0.000000 0.000000
122.291344 0.000000 434.933350 0.691539 0.573380 0.277470 0.000000 0.000000
61.145672 0.000000 434.933350 0.653456 0.553201 0.260525 0.000000 0.000000
0.000000 0.000000 434.933350 0.625945 0.542896 0.247750 0.000000 0.000000
549.955566 0.000000 497.066681 0.359005 0.222358 0.104996 0.000000 0.000000
488.849365 0.000000 497.066650 0.366631 0.236292 0.110233 0.000000 0.000000
427.743195 0.000000 497.066681 0.387782 0.266528 0.123185 0.000000 0.000000
366.636993 0.000000 497.066650 0.411318 0.307131 0.140705 0.000000 0.000000
305.530853 0.000000 497.066681 0.553800 0.443068 0.212755 0.000000 0.000000
244.424667 0.000000 497.066650 0.662480 0.536109 0.262949 0.000000 0.000000
183.318497 0.000000 497.066650 0.697375 0.568830 0.279131 0.000000 0.000000
122.212334 0.000000 497.066681 0.675135 0.557501 0.270081 0.000000 0.000000
61.106167 0.000000 497.066650 0.638029 0.538813 0.253913 0.000000 0.000000
0.000000 0.000000 497.066681 0.610202 0.528250 0.241112 0.000000 0.000000
549.599976 0.000000 559.200012 0.337953 0.214137 0.097516 0.000000 0.000000
488.533325 0.000000 559.200012 0.354128 0.233543 0.104787 0.000000 0.000000
427.466644 0.000000 559.200012 0.374837 0.263817 0.116506 0.000000 0.000000
366.399963 0.000000 559.200012 0.451386 0.347305 0.161648 0.000000 0.000000
305.333344 0.000000 559.200012 0.596089 0.475084 0.232196 0.000000 0.000000
244.266647 0.000000 559.200012 0.675182 0.544756 0.268678 0.000000 0.000000
183.199982 0.000000 559.200012 0.684993 0.558098 0.273834 0.000000 0.000000
122.133324 0.000000 559.200012 0.658326 0.543250 0.262878 0.000000 0.000000
61.066662 0.000000 559.200012 0.619220 0.526151 0.245701 0.000000 0.000000
0.000000 0.000000 559.200012 0.596446 0.520193 0.234820 0.000000 0.000000
556.000000 548.799988 0.000000 0.352630 0.232526 0.109271 0.000000 0.000000
556.000000 548.799988 62.133335 0.381229 0.245027 0.115443 0.000000 0.000000
556.000000 548.799988 124.266670 0.432520 0.269356 0.128039 0.000000 0.000000
556.000000 548.799988 186.400009 0.481402 0.295950 0.142213 0.000000 0.000000
556.000000 548.799988 248.533340 0.522659 0.320747 0.155694 0.000000 0.000000
556.000000 548.799988 310.666687 0.547741 0.338468 0.165387 0.000000 0.000000
556.000000 548.799988 372.800018 0.553031 0.346280 0.169625 0.000000 0.000000
556.000000 548.799988 434.933350 0.540858 0.343294 0.167906 0.000000 0.000000
556.000000 548.799988 497.066681 0.517011 0.331721 0.161484 0.000000 0.000000
556.000000 548.799988 559.200012 0.508042 0.329507 0.159420 0.000000 0.000000
494.222229 548.799988 0.000000 0.370548 0.243377 0.114346 0.000000 0.000000
494.222229 548.799988 62.133331 0.405101 0.262019 0.123684 0.000000 0.000000
494.222229 548.799988 124.266663 0.457987 0.290907 0.138797 0.000000 0.000000
494.222168 548.799988 186.399994 0.507984 0.321641 0.155372 0.000000 0.000000
494.222260 548.800049 248.533325 0.549910 0.350740 0.171287 0.000000 0.000000
494.222229 548.799988 310.666687 0.574344 0.370719 0.182172 0.000000 0.000000
494.222198 548.799988 372.799988 0.578107 0.378039 0.186020 0.000000 0.000000
494.222198 548.799988 434.933350 0.564163 0.372781 0.183040 0.000000 0.000000
494.222229 548.799988 497.066650 0.542475 0.361862 0.176774 0.000000 0.000000
494.222229 548.799988 559.200012 0.545826 0.370002 0.180200 0.000000 0.000000
432.444458 548.799988 0.000000 0.384234 0.261248 0.122597 0.000000 0.000000
432.444427 548.799988 62.133335 0.416607 0.282744 0.133399 0.000000 0.000000
432.444427 548.799988 124.266670 0.470024 0.317186 0.151562 0.000000 0.000000
432.444458 548.799988 186.400024 0.524206 0.355859 0.172512 0.000000 0.000000
432.444458 548.799988 248.533340 0.572797 0.393156 0.192935 0.000000 0.000000
432.444458 548.799988 310.666687 0.604058 0.419202 0.207052 0.000000 0.000000
432.444458 548.800049 372.800049 0.611407 0.427781 0.211513 0.000000 0.000000
432.444427 548.799988 434.933350 0.598788 0.421217 0.207781 0.000000 0.000000
432.444427 548.799988 497.066681 0.578844 0.408967 0.200794 0.000000 0.000000
432.444458 548.799988 559.200012 0.580044 0.414434 0.202814 0.000000 0.000000
370.666656 548.799988 0.000000 0.389981 0.277264 0.129408 0.000000 0.000000
370.666626 548.799988 62.133331 0.419265 0.299497 0.140511 0.000000 0.000000
370.666656 548.799988 124.266663 0.472557 0.337842 0.160677 0.000000 0.000000
370.666626 548.799927 186.399994 0.529373 0.380923 0.184012 0.000000 0.000000
370.666626 548.799988 248.533325 0.583525 0.423599 0.207332 0.000000 0.000000
370.666626 548.799988 310.666687 0.619388 0.452915 0.223232 0.000000 0.000000
370.666626 548.799988 372.799988 0.628590 0.461881 0.227880 0.000000 0.000000
370.666656 548.799988 434.933350 0.617107 0.454834 0.223878 0.000000 0.000000
370.666626 548.799988 497.066650 0.599757 0.442764 0.217087 0.000000 0.000000
370.666656 548.799988 559.200012 0.600178 0.446532 0.218143 0.000000 0.000000
308.888916 548.799988 0.000000 0.388866 0.288249 0.133007 0.000000 0.000000
308.888916 548.800049 62.133335 0.415712 0.310497 0.143806 0.000000 0.000000
308.888916 548.799988 124.266670 0.467243 0.349931 0.164265 0.000000 0.000000
308.888885 548.799988 186.400009 0.522885 0.393455 0.187616 0.000000 0.000000
308.888916 548.800049 248.533340 0.575991 0.435561 0.210576 0.000000 0.000000
308.888916 548.799988 310.666687 0.611584 0.464440 0.226231 0.000000 0.000000
308.888885 548.799988 372.800018 0.621284 0.473488 0.230955 0.000000 0.000000
308.888916 548.799988 434.933350 0.612596 0.467865 0.227818 0.000000 0.000000
308.888916 548.800049 497.066681 0.600158 0.458579 0.222756 0.000000 0.000000
308.888916 548.799988 559.200012 0.598239 0.459940 0.222410 0.000000 0.000000
247.111099 548.799988 0.000000 0.382309 0.294424 0.133441 0.000000 0.000000
247.111099 548.799988 62.133331 0.406528 0.316069 0.143403 0.000000 0.000000
247.111084 548.799988 124.266663 0.453442 0.353970 0.162329 0.000000 0.000000
247.111084 548.799988 186.400009 0.502442 0.393450 0.182970 0.000000 0.000000
247.111115 548.799988 248.533325 0.548174 0.430088 0.202679 0.000000 0.000000
247.111099 548.799927 310.666687 0.578841 0.455139 0.216166 0.000000 0.000000
247.111099 548.799988 372.800018 0.588996 0.464241 0.221042 0.000000 0.000000
247.111084 548.799988 434.933350 0.585226 0.461756 0.219941 0.000000 0.000000
247.111099 548.799988 497.066650 0.579071 0.456477 0.217514 0.000000 0.000000
247.111099 548.799988 559.200012 0.575325 0.455762 0.215973 0.000000 0.000000
185.333328 548.799988 0.000000 0.372294 0.297238 0.131624 0.000000 0.000000
185.333313 548.799988 62.133331 0.392074 0.316861 0.139629 0.000000 0.000000
185.333328 548.799988 124.266663 0.432873 0.352448 0.155993 0.000000 0.000000
185.333313 548.799927 186.400009 0.472519 0.386294 0.172549 0.000000 0.000000
185.333313 548.799988 248.533325 0.508305 0.415935 0.187820 0.000000 0.000000
185.333313 548.799988 310.666687 0.533070 0.436360 0.198702 0.000000 0.000000
185.333313 548.799988 372.800018 0.543778 0.445172 0.203827 0.000000 0.000000
185.333328 548.800049 434.933380 0.545191 0.445603 0.205068 0.000000 0.000000
185.333313 548.799988 497.066650 0.543236 0.442225 0.204444 0.000000 0.000000
185.333328 548.799988 559.200012 0.536932 0.438856 0.201539 0.000000 0.000000
123.555550 548.799988 0.000000 0.356713 0.294734 0.126718 0.000000 0.000000
123.555550 548.799988 62.133335 0.373749 0.313915 0.133365 0.000000 0.000000
123.555542 548.799988 124.266670 0.407989 0.347494 0.146668 0.000000 0.000000
123.555542 548.799988 186.400024 0.440059 0.377619 0.159730 0.000000 0.000000
123.555557 548.799988 248.533340 0.467644 0.402031 0.171201 0.000000 0.000000
123.555550 548.799988 310.666687 0.486855 0.418133 0.179585 0.000000 0.000000
123.555550 548.800049 372.800049 0.497199 0.425540 0.184594 0.000000 0.000000
123.555542 548.799927 434.933350 0.500235 0.425746 0.186816 0.000000 0.000000
123.555550 548.799927 497.066681 0.499084 0.421244 0.186682 0.000000 0.000000
123.555550 548.799988 559.200012 0.489949 0.414676 0.182480 0.000000 0.000000
61.777775 548.799988 0.000000 0.337664 0.287389 0.119903 0.000000 0.000000
61.777775 548.799988 62.133331 0.351895 0.305135 0.125040 0.000000 0.000000
61.777771 548.799988 124.266663 0.381759 0.338242 0.136115 0.000000 0.000000
61.777771 548.799988 186.399994 0.408486 0.366504 0.146521 0.000000 0.000000
61.777779 548.800049 248.533325 0.429990 0.388015 0.155160 0.000000 0.000000
61.777775 548.799988 310.666687 0.444817 0.400997 0.161540 0.000000 0.000000
61.777775 548.799988 372.799988 0.452280 0.405250 0.165461 0.000000 0.000000
61.777771 548.799927 434.933350 0.453715 0.402520 0.167162 0.000000 0.000000
61.777775 548.799988 497.066650 0.449442 0.394212 0.165951 0.000000 0.000000
61.777775 548.799988 559.200012 0.436668 0.383195 0.160325 0.000000 0.000000
0.000000 548.799988 0.000000 0.323065 0.278016 0.114612 0.000000 0.000000
0.000000 548.799988 62.133335 0.344061 0.302904 0.122001 0.000000 0.000000
0.000000 548.799988 124.266670 0.370675 0.333865 0.131776 0.000000 0.000000
0.000000 548.799988 186.400009 0.393526 0.359923 0.140485 0.000000 0.000000
0.000000 548.799988 248.533340 0.410798 0.378473 0.147322 0.000000 0.000000
0.000000 548.799988 310.666687 0.421971 0.387971 0.152242 0.000000 0.000000
0.000000 548.799988 372.800018 0.426535 0.388768 0.154986 0.000000 0.000000
0.000000 548.799988 434.933350 0.423497 0.382224 0.154894 0.000000 0.000000
0.000000 548.799988 497.066681 0.417024 0.371958 0.152495 0.000000 0.000000
0.000000 548.799988 559.200012 0.411556 0.365161 0.149835 0.000000 0.000000
549.599976 0.000000 559.200012 0.286337 0.175097 0.078612 0.000000 0.000000
488.533325 0.000000 559.200012 0.308281 0.191947 0.085891 0.000000 0.000000
427.466644 0.000000 559.200012 0.335751 0.226194 0.099032 0.000000 0.000000
366.399963 0.000000 559.200012 0.387425 0.292410 0.132668 0.000000 0.000000
305.333344 0.000000 559.200012 0.497911 0.397730 0.189979 0.000000 0.000000
244.266647 0.000000 559.200012 0.581842 0.474587 0.229653 0.000000 0.000000
183.199982 0.000000 559.200012 0.608433 0.502435 0.242437 0.000000 0.000000
122.133324 0.000000 559.200012 0.591816 0.495637 0.235791 0.000000 0.000000
61.066662 0.000000 559.200012 0.560827 0.480727 0.222316 0.000000 0.000000
0.000000 0.000000 559.200012 0.528064 0.465269 0.207771 0.000000 0.000000
550.311096 60.977776 559.200012 0.319220 0.198173 0.092247 0.000000 0.000000
489.165405 60.977776 559.199951 0.346725 0.220965 0.102248 0.000000 0.000000
428.019745 60.977776 559.200012 0.358307 0.245072 0.108779 0.000000 0.000000
366.874023 60.977776 559.200012 0.424442 0.324140 0.150203 0.000000 0.000000
305.728394 60.977779 559.200012 0.531798 0.426649 0.204995 0.000000 0.000000
244.582687 60.977776 559.199951 0.601136 0.492041 0.238027 0.000000 0.000000
183.437012 60.977776 559.200012 0.608978 0.505764 0.242591 0.000000 0.000000
122.291344 60.977776 559.200012 0.587873 0.496218 0.233894 0.000000 0.000000
61.145672 60.977776 559.200012 0.550985 0.477885 0.217808 0.000000 0.000000
0.000000 60.977776 559.200012 0.523628 0.462853 0.205914 0.000000 0.000000
551.022217 121.955551 559.200012 0.412235 0.269729 0.133766 0.000000 0.000000
489.797546 121.955551 559.200012 0.441843 0.294438 0.145153 0.000000 0.000000
428.572815 121.955551 559.200012 0.432953 0.301293 0.142953 0.000000 0.000000
367.348114 121.955551 559.200012 0.467247 0.353607 0.167302 0.000000 0.000000
306.123474 121.955559 559.200012 0.564348 0.450457 0.218118 0.000000 0.000000
244.898743 121.955551 559.200012 0.625714 0.511194 0.248138 0.000000 0.000000
183.674057 121.955551 559.200012 0.619988 0.515567 0.247001 0.000000 0.000000
122.449371 121.955551 559.200012 0.594070 0.503029 0.236282 0.000000 0.000000
61.224686 121.955551 559.200012 0.554688 0.481716 0.219260 0.000000 0.000000
0.000000 121.955551 559.200012 0.530286 0.467246 0.208695 0.000000 0.000000
551.733276 182.933334 559.200012 0.540518 0.366718 0.187025 0.000000 0.000000
490.429565 182.933334 559.199951 0.567623 0.392219 0.199224 0.000000 0.000000
429.125916 182.933350 559.200012 0.574480 0.414476 0.207502 0.000000 0.000000
367.822174 182.933319 559.200012 0.595765 0.452410 0.224218 0.000000 0.000000
306.518494 182.933334 559.200012 0.648483 0.513084 0.253660 0.000000 0.000000
245.214783 182.933334 559.200012 0.670276 0.544055 0.266510 0.000000 0.000000
183.911087 182.933334 559.200012 0.651330 0.538842 0.259886 0.000000 0.000000
122.607391 182.933350 559.200012 0.618028 0.520975 0.246052 0.000000 0.000000
61.303696 182.933334 559.199951 0.573623 0.495767 0.226858 0.000000 0.000000
0.000000 182.933334 559.200012 0.548817 0.480772 0.215952 0.000000 0.000000
552.444458 243.911102 559.200012 0.616337 0.418764 0.214637 0.000000 0.000000
491.061737 243.911102 559.200012 0.648517 0.452571 0.231582 0.000000 0.000000
429.679016 243.911102 559.200012 0.686504 0.502162 0.255643 0.000000 0.000000
368.296265 243.911102 559.200012 0.710014 0.540210 0.273085 0.000000 0.000000
306.913605 243.911118 559.200073 0.728665 0.572363 0.286917 0.000000 0.000000
245.530853 243.911102 559.200012 0.721992 0.581072 0.287598 0.000000 0.000000
184.148132 243.911102 559.200012 0.694956 0.569691 0.277673 0.000000 0.000000
122.765427 243.911102 559.200012 0.652196 0.544969 0.259839 0.000000 0.000000
61.382713 243.911102 559.200012 0.599062 0.513634 0.236819 0.000000 0.000000
0.000000 243.911102 559.200012 0.569336 0.495292 0.223694 0.000000 0.000000
553.155579 304.888885 559.200012 0.644636 0.436495 0.223279 0.000000 0.000000
491.693848 304.888916 559.199951 0.678042 0.473016 0.241824 0.000000 0.000000
430.232117 304.888916 559.200012 0.727085 0.532517 0.271792 0.000000 0.000000
368.770325 304.888885 559.200012 0.765628 0.581722 0.295979 0.000000 0.000000
307.308655 304.888916 559.200012 0.783260 0.611387 0.309006 0.000000 0.000000
245.846893 304.888885 559.200012 0.774095 0.616863 0.308449 0.000000 0.000000
184.385162 304.888885 559.200012 0.739763 0.599693 0.295427 0.000000 0.000000
122.923447 304.888916 559.200012 0.685576 0.566888 0.272860 0.000000 0.000000
61.461723 304.888916 559.199951 0.620460 0.527555 0.244841 0.000000 0.000000
0.000000 304.888885 559.200012 0.582073 0.503416 0.228102 0.000000 0.000000
553.866699 365.866669 559.200012 0.657747 0.446581 0.227716 0.000000 0.000000
492.325897 365.866669 559.200012 0.693890 0.486390 0.248354 0.000000 0.000000
430.785217 365.866699 559.200012 0.754526 0.554968 0.283795 0.000000 0.000000
369.244415 365.866638 559.200012 0.806217 0.612711 0.313155 0.000000 0.000000
307.703705 365.866669 559.200012 0.831622 0.646275 0.328888 0.000000 0.000000
246.162949 365.866669 559.200012 0.820118 0.648348 0.327007 0.000000 0.000000
184.622208 365.866669 559.200012 0.774559 0.622406 0.309302 0.000000 0.000000
123.081474 365.866699 559.200073 0.705674 0.578823 0.280637 0.000000 0.000000
61.540737 365.866669 559.199951 0.626946 0.529948 0.246910 0.000000 0.000000
0.000000 365.866669 559.200012 0.577905 0.498136 0.225686 0.000000 0.000000
554.577759 426.844452 559.200012 0.648248 0.441074 0.224149 0.000000 0.000000
492.958008 426.844421 559.200012 0.679652 0.477814 0.243249 0.000000 0.000000
431.338257 426.844421 559.200012 0.747939 0.551186 0.281587 0.000000 0.000000
369.718506 426.844452 559.200012 0.806345 0.612518 0.313233 0.000000 0.000000
308.098785 426.844452 559.200012 0.833822 0.646260 0.329454 0.000000 0.000000
246.478973 426.844421 559.200012 0.818618 0.644603 0.325886 0.000000 0.000000
184.859253 426.844482 559.200073 0.764675 0.611964 0.304615 0.000000 0.000000
123.239487 426.844421 559.200012 0.686249 0.561112 0.271905 0.000000 0.000000
61.619743 426.844421 559.200012 0.600087 0.506568 0.234987 0.000000 0.000000
0.000000 426.844452 559.200012 0.540401 0.466160 0.209280 0.000000 0.000000
555.288879 487.822205 559.200012 0.588319 0.397211 0.199735 0.000000 0.000000
493.590118 487.822205 559.200012 0.610592 0.424901 0.213659 0.000000 0.000000
431.891357 487.822205 559.200012 0.672889 0.490900 0.248184 0.000000 0.000000
370.192566 487.822205 559.199951 0.722574 0.544512 0.275776 0.000000 0.000000
308.493866 487.822235 559.200012 0.743426 0.573017 0.289207 0.000000 0.000000
246.795044 487.822205 559.199951 0.725509 0.569647 0.284564 0.000000 0.000000
185.096283 487.822205 559.199951 0.673245 0.539043 0.264027 0.000000 0.000000
123.397522 487.822205 559.200012 0.600969 0.493524 0.233924 0.000000 0.000000
61.698761 487.822205 559.200012 0.523257 0.444929 0.200736 0.000000 0.000000
0.000000 487.822205 559.200012 0.461516 0.401499 0.173818 0.000000 0.000000
556.000000 548.799988 559.200012 0.524757 0.347038 0.170571 0.000000 0.000000
494.222229 548.799988 559.200012 0.565469 0.388841 0.192073 0.000000 0.000000
432.444458 548.799988 559.200012 0.612854 0.442626 0.220037 0.000000 0.000000
370.666656 548.799988 559.200012 0.646361 0.483814 0.240735 0.000000 0.000000
308.888916 548.799988 559.200012 0.653490 0.502597 0.248487 0.000000 0.000000
247.111099 548.799988 559.200012 0.629538 0.495792 0.241296 0.000000 0.000000
185.333328 548.799988 559.200012 0.580457 0.469057 0.222019 0.000000 0.000000
123.555550 548.799988 559.200012 0.518758 0.432521 0.196398 0.000000 0.000000
61.777775 548.799988 559.200012 0.452692 0.391233 0.168399 0.000000 0.000000
0.000000 548.799988 559.200012 0.412930 0.362838 0.150777 0.000000 0.000000
0.000000 0.000000 559.200012 0.219122 0.391429 0.000000 0.000000 0.000000
0.000000 0.000000 497.066681 0.222391 0.394007 0.000000 0.000000 0.000000
0.000000 0.000000 434.933350 0.229977 0.405601 0.000000 0.000000 0.000000
0.000000 0.000000 372.799988 0.234565 0.414119 0.000000 0.000000 0.000000
0.000000 0.000000 310.666687 0.233838 0.416398 0.000000 0.000000 0.000000
0.000000 0.000000 248.533325 0.222593 0.402837 0.000000 0.000000 0.000000
0.000000 0.000000 186.399994 0.193515 0.361369 0.000000 0.000000 0.000000
0.000000 0.000000 124.266663 0.170874 0.324745 0.000000 0.000000 0.000000
0.000000 0.000000 62.133331 0.170532 0.311289 0.000000 0.000000 0.000000
0.000000 0.000000 0.000000 0.170792 0.293512 0.000000 0.000000 0.000000
0.000000 60.977776 559.200012 0.217842 0.382800 0.000000 0.000000 0.000000
0.000000 60.977776 497.066650 0.223652 0.389063 0.000000 0.000000 0.000000
0.000000 60.977776 434.933350 0.231517 0.400370 0.000000 0.000000 0.000000
0.000000 60.977776 372.799957 0.235214 0.407292 0.000000 0.000000 0.000000
0.000000 60.977779 310.666687 0.232281 0.405997 0.000000 0.000000 0.000000
0.000000 60.977776 248.533310 0.217328 0.387077 0.000000 0.000000 0.000000
0.000000 60.977776 186.399979 0.191155 0.350033 0.000000 0.000000 0.000000
0.000000 60.977776 124.266655 0.175820 0.322050 0.000000 0.000000 0.000000
0.000000 60.977776 62.133327 0.170391 0.297969 0.000000 0.000000 0.000000
0.000000 60.977776 0.000000 0.168671 0.279039 0.000000 0.000000 0.000000
0.000000 121.955551 559.200012 0.220546 0.379864 0.000000 0.000000 0.000000
0.000000 121.955551 497.066681 0.229531 0.391945 0.000000 0.000000 0.000000
0.000000 121.955551 434.933350 0.238691 0.404215 0.000000 0.000000 0.000000
0.000000 121.955551 372.799988 0.243294 0.411306 0.000000 0.000000 0.000000
0.000000 121.955559 310.666687 0.241310 0.410008 0.000000 0.000000 0.000000
0.000000 121.955551 248.533325 0.229624 0.394655 0.000000 0.000000 0.000000
0.000000 121.955551 186.399994 0.211407 0.366848 0.000000 0.000000 0.000000
0.000000 121.955551 124.266663 0.195543 0.335976 0.000000 0.000000 0.000000
0.000000 121.955551 62.133331 0.185021 0.306271 0.000000 0.000000 0.000000
0.000000 121.955551 0.000000 0.183933 0.293262 0.007849 0.000000 0.000000
0.000000 182.933334 559.200012 0.228951 0.389663 0.000000 0.000000 0.000000
0.000000 182.933334 497.066650 0.239427 0.403676 0.000000 0.000000 0.000000
0.000000 182.933350 434.933350 0.250758 0.418478 0.008009 0.000000 0.000000
0.000000 182.933319 372.799988 0.257850 0.428170 0.015754 0.000000 0.000000
0.000000 182.933334 310.666687 0.259319 0.429676 0.017970 0.000000 0.000000
0.000000 182.933334 248.533325 0.253273 0.419205 0.016890 0.000000 0.000000
0.000000 182.933334 186.399994 0.240823 0.396889 0.014337 0.000000 0.000000
0.000000 182.933350 124.266663 0.224967 0.366411 0.013697 0.000000 0.000000
0.000000 182.933334 62.133331 0.208744 0.332334 0.015240 0.000000 0.000000
0.000000 182.933334 0.000000 0.203044 0.317096 0.017173 0.000000 0.000000
0.000000 243.911102 559.200012 0.239004 0.401844 0.000000 0.000000 0.000000
0.000000 243.911102 497.066681 0.251080 0.417784 0.000000 0.000000 0.000000
0.000000 243.911102 434.933350 0.265847 0.437301 0.018215 0.000000 0.000000
0.000000 243.911102 372.799988 0.276830 0.452378 0.024381 0.000000 0.000000
0.000000 243.911118 310.666687 0.282193 0.459052 0.027597 0.000000 0.000000
0.000000 243.911102 248.533325 0.279972 0.453119 0.028619 0.000000 0.000000
0.000000 243.911102 186.399994 0.268822 0.432435 0.027671 0.000000 0.000000
0.000000 243.911102 124.266663 0.250530 0.398728 0.025381 0.000000 0.000000
0.000000 243.911102 62.133331 0.228736 0.358464 0.022883 0.000000 0.000000
0.000000 243.911102 0.000000 0.217900 0.337742 0.022093 0.000000 0.000000
0.000000 304.888885 559.200012 0.247478 0.411232 0.000000 0.000000 0.000000
0.000000 304.888916 497.066650 0.260758 0.428707 0.006474 0.000000 0.000000
0.000000 304.888916 434.933350 0.279602 0.454383 0.023579 0.000000 0.000000
0.000000 304.888885 372.799988 0.294747 0.476128 0.030128 0.000000 0.000000
0.000000 304.888916 310.666687 0.303067 0.487534 0.033811 0.000000 0.000000
0.000000 304.888885 248.533325 0.301206 0.482413 0.034933 0.000000 0.000000
0.000000 304.888885 186.399994 0.288131 0.458730 0.033540 0.000000 0.000000
0.000000 304.888916 124.266663 0.266433 0.420104 0.030236 0.000000 0.000000
0.000000 304.888916 62.133331 0.240071 0.373940 0.026234 0.000000 0.000000
0.000000 304.888885 0.000000 0.224875 0.347223 0.024038 0.000000 0.000000
0.000000 365.866669 559.200012 0.250603 0.412826 0.000000 0.000000 0.000000
0.000000 365.866669 497.066650 0.264281 0.430951 0.010388 0.000000 0.000000
0.000000 365.866699 434.933380 0.287223 0.463400 0.026104 0.000000 0.000000
0.000000 365.866638 372.799988 0.306620 0.492415 0.033361 0.000000 0.000000
0.000000 365.866669 310.666687 0.317583 0.508535 0.037442 0.000000 0.000000
0.000000 365.866669 248.533325 0.315271 0.503049 0.038308 0.000000 0.000000
0.000000 365.866669 186.399994 0.299042 0.474432 0.036090 0.000000 0.000000
0.000000 365.866699 124.266663 0.272959 0.429101 0.031723 0.000000 0.000000
0.000000 365.866669 62.133331 0.242380 0.376437 0.026615 0.000000 0.000000
0.000000 365.866669 0.000000 0.223344 0.343653 0.023331 0.000000 0.000000
0.000000 426.844452 559.200012 0.243332 0.398710 0.000000 0.000000 0.000000
0.000000 426.844421 497.066681 0.255090 0.414164 0.000000 0.000000 0.000000
0.000000 426.844421 434.933350 0.280362 0.450984 0.023276 0.000000 0.000000
0.000000 426.844452 372.799988 0.302086 0.484426 0.031560 0.000000 0.000000
0.000000 426.844452 310.666687 0.314420 0.503152 0.036020 0.000000 0.000000
0.000000 426.844421 248.533325 0.311275 0.496547 0.036635 0.000000 0.000000
0.000000 426.844482 186.399994 0.292363 0.463717 0.033704 0.000000 0.000000
0.000000 426.844421 124.266663 0.263446 0.413671 0.028478 0.000000 0.000000
0.000000 426.844421 62.133331 0.231093 0.357791 0.022744 0.000000 0.000000
0.000000 426.844452 0.000000 0.208805 0.319467 0.018359 0.000000 0.000000
0.000000 487.822205 559.200012 0.218770 0.358157 0.000000 0.000000 0.000000
0.000000 487.822205 497.066650 0.225413 0.366159 0.000000 0.000000 0.000000
0.000000 487.822205 434.933350 0.247348 0.398774 0.000000 0.000000 0.000000
0.000000 487.822205 372.799957 0.265507 0.426788 0.014876 0.000000 0.000000
0.000000 487.822235 310.666687 0.274860 0.440806 0.020969 0.000000 0.000000
0.000000 487.822205 248.533310 0.270186 0.431706 0.021572 0.000000 0.000000
0.000000 487.822205 186.399979 0.252167 0.399947 0.018001 0.000000 0.000000
0.000000 487.822205 124.266655 0.226650 0.354792 0.011257 0.000000 0.000000
0.000000 487.822205 62.133327 0.199231 0.306018 0.000000 0.000000 0.000000
0.000000 487.822205 0.000000 0.176419 0.265754 0.000000 0.000000 0.000000
0.000000 548.799988 559.200012 0.188680 0.309446 0.000000 0.000000 0.000000
0.000000 548.799988 497.066681 0.200329 0.325943 0.000000 0.000000 0.000000
0.000000 548.799988 434.933350 0.215304 0.347959 0.000000 0.000000 0.000000
0.000000 548.799988 372.799988 0.226772 0.365319 0.000000 0.000000 0.000000
0.000000 548.799988 310.666687 0.230858 0.370767 0.000000 0.000000 0.000000
0.000000 548.799988 248.533325 0.224349 0.358132 0.000000 0.000000 0.000000
0.000000 548.799988 186.399994 0.208936 0.329636 0.000000 0.000000 0.000000
0.000000 548.799988 124.266663 0.189212 0.292993 0.000000 0.000000 0.000000
0.000000 548.799988 62.133331 0.168266 0.253605 0.000000 0.000000 0.000000
0.000000 548.799988 0.000000 0.152594 0.224353 0.000000 0.000000 0.000000
552.799988 0.000000 0.000000 0.449279 0.086867 0.011560 0.000000 0.000000
552.444458 0.000000 62.133335 0.460558 0.089004 0.012501 0.000000 0.000000
552.088867 0.000000 124.266670 0.494655 0.093038 0.011185 0.000000 0.000000
551.733276 0.000000 186.400009 0.486491 0.088369 0.000000 0.000000 0.000000
551.377808 0.000000 248.533340 0.390443 0.057061 0.000000 0.000000 0.000000
551.022217 0.000000 310.666687 0.284183 0.000000 0.000000 0.000000 0.000000
550.666626 0.000000 372.800018 0.285140 0.000000 0.000000 0.000000 0.000000
550.311096 0.000000 434.933350 0.302831 0.036014 0.000000 0.000000 0.000000
549.955566 0.000000 497.066681 0.299146 0.046406 0.000000 0.000000 0.000000
549.599976 0.000000 559.200012 0.281863 0.047868 0.000000 0.000000 0.000000
553.155579 60.977776 0.000000 0.434358 0.087688 0.015386 0.000000 0.000000
552.839478 60.977776 62.133331 0.452963 0.091309 0.016439 0.000000 0.000000
552.523438 60.977776 124.266663 0.481880 0.094923 0.016201 0.000000 0.000000
552.207336 60.977776 186.399994 0.463483 0.087102 0.007516 0.000000 0.000000
551.891357 60.977779 248.533325 0.372874 0.054517 0.000000 0.000000 0.000000
551.575317 60.977776 310.666687 0.300188 0.000000 0.000000 0.000000 0.000000
551.259216 60.977776 372.799988 0.298678 0.012460 0.000000 0.000000 0.000000
550.943176 60.977776 434.933350 0.309814 0.042965 0.000000 0.000000 0.000000
550.627136 60.977776 497.066650 0.304092 0.051147 0.000000 0.000000 0.000000
550.311096 60.977776 559.200012 0.308229 0.056117 0.000000 0.000000 0.000000
553.511108 121.955551 0.000000 0.425621 0.090993 0.018782 0.000000 0.000000
553.234558 121.955551 62.133335 0.451606 0.095711 0.019839 0.000000 0.000000
552.958008 121.955551 124.266670 0.484835 0.100380 0.020371 0.000000 0.000000
552.681458 121.955551 186.400024 0.483315 0.095534 0.015606 0.000000 0.000000
552.404968 121.955559 248.533340 0.426207 0.071413 0.000000 0.000000 0.000000
552.128357 121.955551 310.666687 0.363725 0.037462 0.000000 0.000000 0.000000
551.851868 121.955551 372.800049 0.346908 0.035174 0.000000 0.000000 0.000000
551.575256 121.955551 434.933350 0.340073 0.050054 0.000000 0.000000 0.000000
551.298767 121.955551 497.066681 0.349078 0.061690 0.000000 0.000000 0.000000
551.022217 121.955551 559.200012 0.403545 0.077396 0.000000 0.000000 0.000000
553.866638 182.933334 0.000000 0.439751 0.096040 0.020558 0.000000 0.000000
553.629578 182.933334 62.133331 0.468650 0.101480 0.021999 0.000000 0.000000
553.392578 182.933350 124.266663 0.508138 0.107541 0.023209 0.000000 0.000000
553.155518 182.933319 186.399994 0.528754 0.107266 0.021296 0.000000 0.000000
552.918457 182.933334 248.533325 0.515496 0.094393 0.011669 0.000000 0.000000
552.681458 182.933334 310.666687 0.490070 0.077822 0.000000 0.000000 0.000000
552.444397 182.933334 372.799988 0.457198 0.069520 0.000000 0.000000 0.000000
552.207397 182.933350 434.933350 0.418419 0.069262 0.000000 0.000000 0.000000
551.970337 182.933334 497.066650 0.456539 0.086408 0.000000 0.000000 0.000000
551.733276 182.933334 559.200012 0.515460 0.101475 0.013431 0.000000 0.000000
554.222229 243.911102 0.000000 0.459243 0.101484 0.022407 0.000000 0.000000
554.024719 243.911102 62.133335 0.492135 0.107807 0.024291 0.000000 0.000000
553.827148 243.911102 124.266670 0.540691 0.115954 0.026460 0.000000 0.000000
553.629578 243.911102 186.400009 0.580007 0.119871 0.026726 0.000000 0.000000
553.432129 243.911118 248.533340 0.603267 0.116359 0.024356 0.000000 0.000000
553.234619 243.911102 310.666687 0.603250 0.108103 0.019020 0.000000 0.000000
553.036987 243.911102 372.800018 0.582695 0.103373 0.014419 0.000000 0.000000
552.839478 243.911102 434.933350 0.559865 0.105374 0.016556 0.000000 0.000000
552.641968 243.911102 497.066681 0.565236 0.111394 0.019703 0.000000 0.000000
552.444458 243.911102 559.200012 0.560573 0.110598 0.017088 0.000000 0.000000
554.577759 304.888885 0.000000 0.475992 0.105756 0.023891 0.000000 0.000000
554.419739 304.888916 62.133331 0.512662 0.112926 0.026164 0.000000 0.000000
554.261719 304.888916 124.266663 0.572645 0.123934 0.029536 0.000000 0.000000
554.103638 304.888885 186.400009 0.623784 0.131334 0.031398 0.000000 0.000000
553.945679 304.888916 248.533325 0.657142 0.132222 0.031058 0.000000 0.000000
553.787598 304.888885 310.666687 0.667785 0.129052 0.028843 0.000000 0.000000
553.629639 304.888885 372.800018 0.659681 0.127781 0.027600 0.000000 0.000000
553.471619 304.888916 434.933350 0.633434 0.126432 0.027078 0.000000 0.000000
553.313599 304.888916 497.066650 0.598596 0.120307 0.022719 0.000000 0.000000
553.155579 304.888885 559.200012 0.577731 0.114967 0.017525 0.000000 0.000000
554.933350 365.866669 0.000000 0.481921 0.107223 0.024258 0.000000 0.000000
554.814819 365.866669 62.133331 0.521385 0.114985 0.026763 0.000000 0.000000
554.696289 365.866699 124.266663 0.594027 0.129155 0.031445 0.000000 0.000000
554.577759 365.866638 186.400009 0.659287 0.141022 0.035193 0.000000 0.000000
554.459229 365.866669 248.533325 0.704184 0.147497 0.037096 0.000000 0.000000
554.340698 365.866669 310.666687 0.718362 0.148192 0.036695 0.000000 0.000000
554.222229 365.866669 372.800018 0.702031 0.144782 0.034749 0.000000 0.000000
554.103699 365.866699 434.933380 0.661408 0.137056 0.031078 0.000000 0.000000
553.985168 365.866669 497.066650 0.613046 0.125214 0.023973 0.000000 0.000000
553.866699 365.866669 559.200012 0.583050 0.116848 0.017320 0.000000 0.000000
555.288879 426.844452 0.000000 0.466079 0.103556 0.022290 0.000000 0.000000
555.209839 426.844421 62.133335 0.503416 0.110661 0.024431 0.000000 0.000000
555.130859 426.844421 124.266670 0.583843 0.126625 0.029920 0.000000 0.000000
555.051880 426.844452 186.400024 0.658579 0.141276 0.034987 0.000000 0.000000
554.972839 426.844452 248.533340 0.710872 0.150981 0.038225 0.000000 0.000000
554.893799 426.844421 310.666687 0.725850 0.153160 0.038534 0.000000 0.000000
554.814819 426.844482 372.800049 0.701985 0.147692 0.035746 0.000000 0.000000
554.735779 426.844421 434.933350 0.651929 0.136360 0.030158 0.000000 0.000000
554.656738 426.844421 497.066681 0.596676 0.121971 0.021279 0.000000 0.000000
554.577759 426.844452 559.200012 0.555814 0.110918 0.011471 0.000000 0.000000
555.644470 487.822205 0.000000 0.415441 0.091677 0.014909 0.000000 0.000000
555.604980 487.822205 62.133331 0.441590 0.095733 0.014855 0.000000 0.000000
555.565430 487.822205 124.266663 0.514577 0.109541 0.020122 0.000000 0.000000
555.525879 487.822205 186.399994 0.582296 0.122670 0.025165 0.000000 0.000000
555.486450 487.822235 248.533325 0.628690 0.131404 0.028233 0.000000 0.000000
555.446899 487.822205 310.666687 0.640423 0.133086 0.028167 0.000000 0.000000
555.407349 487.822205 372.799988 0.618354 0.127810 0.024798 0.000000 0.000000
555.367859 487.822205 434.933350 0.575897 0.117811 0.018189 0.000000 0.000000
555.328369 487.822205 497.066650 0.529124 0.105379 0.000000 0.000000 0.000000
555.288879 487.822205 559.200012 0.481565 0.092858 0.000000 0.000000 0.000000
556.000000 548.799988 0.000000 0.350609 0.076178 0.000000 0.000000 0.000000
556.000000 548.799988 62.133335 0.388667 0.081898 0.000000 0.000000 0.000000
556.000000 548.799988 124.266670 0.448213 0.092314 0.000000 0.000000 0.000000
556.000000 548.799988 186.400009 0.502805 0.102261 0.005202 0.000000 0.000000
556.000000 548.799988 248.533340 0.538988 0.108681 0.010339 0.000000 0.000000
556.000000 548.799988 310.666687 0.547329 0.109768 0.009127 0.000000 0.000000
556.000000 548.799988 372.800018 0.530150 0.105708 0.000000 0.000000 0.000000
556.000000 548.799988 434.933350 0.498692 0.098266 0.000000 0.000000 0.000000
556.000000 548.799988 497.066681 0.460886 0.088059 0.000000 0.000000 0.000000
556.000000 548.799988 559.200012 0.423063 0.078546 0.000000 0.000000 0.000000
343.000000 548.699988 227.000000 1.000000 1.000000 1.000000 0.000000 0.000000
343.000000 548.699988 262.000000 1.000000 1.000000 1.000000 0.000000 0.000000
343.000000 548.699988 297.000000 1.000000 1.000000 1.000000 0.000000 0.000000
343.000000 548.699988 332.000000 1.000000 1.000000 1.000000 0.000000 0.000000
299.666656 548.699988 227.000000 1.000000 1.000000 1.000000 0.000000 0.000000
299.666656 548.699927 262.000000 1.000000 1.000000 1.000000 0.000000 0.000000
299.666656 548.699988 297.000000 1.000000 1.000000 1.000000 0.000000 0.000000
299.666656 548.699988 332.000000 1.000000 1.000000 1.000000 0.000000 0.000000
256.333313 548.699988 227.000000 1.000000 1.000000 1.000000 0.000000 0.000000
256.333344 548.699927 262.000000 1.000000 1.000000 1.000000 0.000000 0.000000
256.333313 548.699988 297.000000 1.000000 1.000000 1.000000 0.000000 0.000000
256.333313 548.699988 332.000000 1.000000 1.000000 1.000000 0.000000 0.000000
213.000000 548.699988 227.000000 1.000000 1.000000 1.000000 0.000000 0.000000
212.999985 548.699988 262.000000 1.000000 1.000000 1.000000 0.000000 0.000000
213.000000 548.699988 297.000000 1.000000 1.000000 1.000000 0.000000 0.000000
213.000000 548.699988 332.000000 1.000000 1.000000 1.000000 0.000000 0.000000
130.000000 165.000000 65.000000 0.727644 0.582258 0.292882 0.000000 0.000000
121.999992 165.000000 91.666664 0.742356 0.594512 0.298944 0.000000 0.000000
114.000000 165.000000 118.333328 0.765893 0.615151 0.308611 0.000000 0.000000
106.000000 165.000000 145.000000 0.785850 0.633016 0.316807 0.000000 0.000000
98.000000 165.000000 171.666672 0.801137 0.647595 0.323268 0.000000 0.000000
90.000000 165.000000 198.333344 0.811692 0.658385 0.327712 0.000000 0.000000
82.000000 165.000000 225.000000 0.818691 0.665312 0.330588 0.000000 0.000000
156.666656 165.000000 73.166664 0.744304 0.594468 0.299784 0.000000 0.000000
148.611099 165.000000 99.777779 0.765238 0.611497 0.308426 0.000000 0.000000
140.555557 165.000000 126.388893 0.789136 0.632222 0.318264 0.000000 0.000000
132.500000 165.000000 153.000000 0.808828 0.649926 0.326494 0.000000 0.000000
124.444458 165.000000 179.611115 0.823606 0.664039 0.332810 0.000000 0.000000
116.388893 165.000000 206.222229 0.833687 0.674199 0.337003 0.000000 0.000000
108.333328 165.000000 232.833344 0.845690 0.684046 0.342040 0.000000 0.000000
183.333344 165.000000 81.333328 0.774297 0.615417 0.312108 0.000000 0.000000
175.222214 165.000015 107.888885 0.795769 0.632760 0.321011 0.000000 0.000000
167.111099 164.999985 134.444443 0.821339 0.654589 0.331633 0.000000 0.000000
159.000000 165.000000 161.000000 0.842107 0.673128 0.340489 0.000000 0.000000
150.888885 164.999985 187.555542 0.858073 0.687899 0.347308 0.000000 0.000000
142.777771 165.000000 214.111099 0.868661 0.698396 0.351815 0.000000 0.000000
134.666656 165.000000 240.666656 0.880045 0.707869 0.356666 0.000000 0.000000
210.000000 165.000000 89.500000 0.801618 0.634284 0.323217 0.000000 0.000000
201.833328 165.000000 116.000000 0.823017 0.651506 0.332134 0.000000 0.000000
193.666656 165.000000 142.500000 0.850018 0.674530 0.343562 0.000000 0.000000
185.500000 165.000000 169.000000 0.872460 0.694184 0.353153 0.000000 0.000000
177.333328 165.000000 195.500000 0.889242 0.709535 0.360411 0.000000 0.000000
169.166656 165.000000 222.000000 0.900105 0.720307 0.365173 0.000000 0.000000
161.000000 165.000000 248.500000 0.910966 0.729398 0.369802 0.000000 0.000000
236.666672 165.000000 97.666664 0.824602 0.649781 0.332417 0.000000 0.000000
228.444443 165.000000 124.111115 0.846007 0.667117 0.341449 0.000000 0.000000
220.222229 164.999985 150.555557 0.874398 0.691235 0.353601 0.000000 0.000000
212.000000 165.000000 177.000000 0.898398 0.711854 0.363838 0.000000 0.000000
203.777771 165.000000 203.444458 0.916033 0.728026 0.371643 0.000000 0.000000
195.555557 165.000000 229.888885 0.927258 0.739166 0.376672 0.000000 0.000000
187.333328 165.000000 256.333344 0.937161 0.747593 0.380910 0.000000 0.000000
263.333344 165.000000 105.833336 0.843611 0.662084 0.339786 0.000000 0.000000
255.055573 165.000000 132.222229 0.864138 0.678855 0.348564 0.000000 0.000000
246.777771 165.000000 158.611099 0.893462 0.703716 0.361229 0.000000 0.000000
238.500000 165.000000 185.000000 0.918335 0.725070 0.371974 0.000000 0.000000
230.222229 165.000000 211.388885 0.936422 0.741772 0.380187 0.000000 0.000000
221.944458 165.000000 237.777802 0.948436 0.753559 0.385634 0.000000 0.000000
213.666672 165.000000 264.166656 0.957339 0.761265 0.389450 0.000000 0.000000
290.000000 165.000000 114.000000 0.855750 0.669762 0.344407 0.000000 0.000000
281.666656 165.000000 140.333344 0.879035 0.689669 0.354673 0.000000 0.000000
273.333313 165.000000 166.666656 0.908074 0.714180 0.367183 0.000000 0.000000
265.000000 165.000000 193.000000 0.931518 0.734691 0.377545 0.000000 0.000000
256.666656 165.000000 219.333344 0.948837 0.750834 0.385527 0.000000 0.000000
248.333344 165.000000 245.666672 0.960060 0.761969 0.390579 0.000000 0.000000
240.000000 165.000000 272.000000 0.965075 0.766680 0.392754 0.000000 0.000000
290.000000 0.000000 114.000000 0.452214 0.304490 0.157353 0.000000 0.000000
290.000000 27.500000 114.000000 0.505100 0.347006 0.179596 0.000000 0.000000
290.000000 55.000000 113.999992 0.507574 0.344119 0.177523 0.000000 0.000000
290.000000 82.500000 114.000000 0.501161 0.333850 0.171705 0.000000 0.000000
290.000000 110.000000 114.000000 0.496496 0.325276 0.166840 0.000000 0.000000
290.000000 137.500000 114.000000 0.496794 0.321416 0.164519 0.000000 0.000000
290.000000 165.000000 114.000000 0.500604 0.322211 0.164755 0.000000 0.000000
281.666656 0.000000 140.333344 0.640350 0.459425 0.239206 0.000000 0.000000
281.666656 27.500002 140.333328 0.591389 0.418864 0.217516 0.000000 0.000000
281.666656 55.000004 140.333328 0.510315 0.347861 0.179390 0.000000 0.000000
281.666656 82.500000 140.333344 0.502411 0.336741 0.173109 0.000000 0.000000
281.666656 110.000008 140.333344 0.498691 0.329424 0.168898 0.000000 0.000000
281.666687 137.500000 140.333344 0.500357 0.327233 0.167455 0.000000 0.000000
281.666656 165.000000 140.333344 0.504029 0.330448 0.168982 0.000000 0.000000
273.333313 0.000000 166.666656 0.633129 0.456855 0.237811 0.000000 0.000000
273.333344 27.500000 166.666656 0.510756 0.357614 0.184954 0.000000 0.000000
273.333313 55.000000 166.666656 0.514646 0.356909 0.184059 0.000000 0.000000
273.333313 82.500000 166.666656 0.505466 0.345376 0.177539 0.000000 0.000000
273.333313 110.000000 166.666656 0.501161 0.338278 0.173415 0.000000 0.000000
273.333313 137.500000 166.666656 0.503181 0.337084 0.172467 0.000000 0.000000
273.333313 165.000000 166.666656 0.507286 0.340856 0.174240 0.000000 0.000000
265.000000 0.000000 193.000000 0.519239 0.370870 0.192119 0.000000 0.000000
265.000000 27.500000 193.000000 0.561681 0.404625 0.209545 0.000000 0.000000
265.000000 55.000000 193.000000 0.528640 0.374113 0.192827 0.000000 0.000000
265.000000 82.500000 193.000000 0.509767 0.355157 0.182342 0.000000 0.000000
265.000000 110.000000 193.000000 0.504302 0.347791 0.178051 0.000000 0.000000
265.000000 137.500000 193.000000 0.506643 0.347649 0.177626 0.000000 0.000000
265.000000 165.000000 193.000000 0.511164 0.352618 0.179951 0.000000 0.000000
256.666656 0.000000 219.333344 0.720213 0.537052 0.279482 0.000000 0.000000
256.666656 27.500000 219.333344 0.650662 0.482022 0.249963 0.000000 0.000000
256.666656 55.000000 219.333344 0.532960 0.385122 0.197971 0.000000 0.000000
256.666656 82.500000 219.333344 0.510872 0.364505 0.186653 0.000000 0.000000
256.666656 110.000000 219.333344 0.504857 0.357620 0.182645 0.000000 0.000000
256.666656 137.500000 219.333328 0.507679 0.358802 0.182899 0.000000 0.000000
256.666656 165.000000 219.333344 0.512333 0.364455 0.185529 0.000000 0.000000
248.333344 0.000000 245.666672 0.688168 0.516401 0.267789 0.000000 0.000000
248.333344 27.500000 245.666687 0.545093 0.404345 0.207033 0.000000 0.000000
248.333328 55.000000 245.666656 0.525802 0.386776 0.197103 0.000000 0.000000
248.333344 82.500000 245.666656 0.511325 0.372917 0.189535 0.000000 0.000000
248.333328 110.000000 245.666656 0.507008 0.368110 0.186690 0.000000 0.000000
248.333344 137.500015 245.666687 0.512549 0.372144 0.188452 0.000000 0.000000
248.333344 165.000000 245.666672 0.519018 0.379303 0.191524 0.000000 0.000000
240.000000 0.000000 272.000000 0.499807 0.372980 0.189123 0.000000 0.000000
240.000000 27.500000 272.000000 0.529940 0.396215 0.200644 0.000000 0.000000
239.999985 55.000000 272.000000 0.518662 0.384701 0.194349 0.000000 0.000000
240.000000 82.500000 272.000000 0.509793 0.375780 0.189441 0.000000 0.000000
240.000000 110.000000 272.000000 0.510190 0.375243 0.188828 0.000000 0.000000
240.000000 137.500000 272.000000 0.519218 0.382502 0.192352 0.000000 0.000000
240.000000 165.000000 272.000000 0.523310 0.387245 0.194303 0.000000 0.000000
130.000000 0.000000 65.000000 0.134440 0.098789 0.034081 0.000000 0.000000
130.000000 27.500000 65.000000 0.146891 0.107062 0.041086 0.000000 0.000000
130.000000 55.000000 65.000000 0.153979 0.108801 0.046869 0.000000 0.000000
130.000000 82.500000 65.000000 0.148475 0.100557 0.046242 0.000000 0.000000
130.000000 110.000000 65.000000 0.143217 0.093747 0.044410 0.000000 0.000000
130.000000 137.500000 65.000000 0.138781 0.088171 0.042301 0.000000 0.000000
130.000000 165.000000 65.000000 0.136627 0.085019 0.040977 0.000000 0.000000
156.666656 0.000000 73.166664 0.137222 0.096854 0.036986 0.000000 0.000000
156.666672 27.500002 73.166664 0.151887 0.105425 0.045140 0.000000 0.000000
156.666672 55.000004 73.166672 0.161699 0.110968 0.050914 0.000000 0.000000
156.666672 82.500000 73.166664 0.157459 0.105335 0.050075 0.000000 0.000000
156.666687 110.000008 73.166672 0.151490 0.098542 0.047623 0.000000 0.000000
156.666656 137.500000 73.166664 0.146100 0.092360 0.044910 0.000000 0.000000
156.666656 165.000000 73.166664 0.146070 0.090760 0.044313 0.000000 0.000000
183.333344 0.000000 81.333328 0.139697 0.088617 0.039967 0.000000 0.000000
183.333344 27.500000 81.333336 0.167813 0.110993 0.052115 0.000000 0.000000
183.333328 55.000000 81.333328 0.181748 0.122845 0.059355 0.000000 0.000000
183.333344 82.500000 81.333328 0.176839 0.118117 0.057941 0.000000 0.000000
183.333328 110.000000 81.333328 0.168649 0.109973 0.054287 0.000000 0.000000
183.333328 137.500000 81.333328 0.161034 0.101995 0.050398 0.000000 0.000000
183.333344 165.000000 81.333328 0.160099 0.099534 0.049239 0.000000 0.000000
210.000000 0.000000 89.500000 0.199161 0.118709 0.055701 0.000000 0.000000
210.000000 27.500000 89.500000 0.212277 0.135149 0.065419 0.000000 0.000000
210.000000 55.000000 89.500000 0.205975 0.139213 0.069286 0.000000 0.000000
210.000000 82.500000 89.500000 0.198528 0.133152 0.066654 0.000000 0.000000
210.000000 110.000000 89.500000 0.187402 0.122721 0.061473 0.000000 0.000000
210.000000 137.500000 89.500000 0.177150 0.112448 0.056196 0.000000 0.000000
210.000000 165.000000 89.500000 0.175093 0.108846 0.054346 0.000000 0.000000
236.666672 0.000000 97.666664 0.225080 0.135801 0.065384 0.000000 0.000000
236.666672 27.500000 97.666672 0.224461 0.148651 0.074549 0.000000 0.000000
236.666656 55.000000 97.666664 0.233499 0.159458 0.080778 0.000000 0.000000
236.666672 82.500000 97.666664 0.222143 0.149920 0.075984 0.000000 0.000000
236.666672 110.000000 97.666672 0.207233 0.136205 0.068877 0.000000 0.000000
236.666656 137.500000 97.666664 0.194037 0.123220 0.062051 0.000000 0.000000
236.666672 165.000000 97.666664 0.190723 0.118254 0.059412 0.000000 0.000000
263.333344 0.000000 105.833336 0.241100 0.155829 0.078465 0.000000 0.000000
263.333344 27.500000 105.833336 0.271477 0.184532 0.094018 0.000000 0.000000
263.333313 55.000000 105.833328 0.267310 0.184762 0.094529 0.000000 0.000000
263.333344 82.500000 105.833344 0.247200 0.167733 0.085640 0.000000 0.000000
263.333313 110.000000 105.833328 0.227488 0.149690 0.076140 0.000000 0.000000
263.333344 137.500015 105.833344 0.211221 0.133726 0.067663 0.000000 0.000000
263.333344 165.000000 105.833336 0.206636 0.127266 0.064181 0.000000 0.000000
290.000000 0.000000 114.000000 0.292889 0.196270 0.099877 0.000000 0.000000
290.000000 27.500000 114.000000 0.297177 0.207036 0.106292 0.000000 0.000000
290.000000 55.000000 113.999992 0.279282 0.193196 0.099113 0.000000 0.000000
290.000000 82.500000 114.000000 0.254722 0.171857 0.087886 0.000000 0.000000
290.000000 110.000000 114.000000 0.233487 0.152063 0.077409 0.000000 0.000000
290.000000 137.500000 114.000000 0.216814 0.135352 0.068490 0.000000 0.000000
290.000000 165.000000 114.000000 0.212070 0.129397 0.065272 0.000000 0.000000
82.000000 0.000000 225.000000 0.188206 0.258572 0.053990 0.000000 0.000000
81.999992 27.500000 225.000000 0.217015 0.283324 0.066796 0.000000 0.000000
82.000000 55.000000 224.999985 0.240672 0.310938 0.074871 0.000000 0.000000
82.000000 82.500000 225.000000 0.231047 0.314184 0.066581 0.000000 0.000000
82.000000 110.000000 225.000000 0.220665 0.315511 0.056972 0.000000 0.000000
82.000000 137.500000 225.000000 0.215388 0.319006 0.049273 0.000000 0.000000
82.000000 165.000000 225.000000 0.213971 0.322316 0.044876 0.000000 0.000000
90.000000 0.000000 198.333328 0.192477 0.263527 0.055236 0.000000 0.000000
90.000000 27.500002 198.333328 0.217269 0.287720 0.065286 0.000000 0.000000
89.999992 55.000004 198.333344 0.227044 0.302315 0.067645 0.000000 0.000000
90.000000 82.500000 198.333344 0.220526 0.305930 0.061063 0.000000 0.000000
90.000000 110.000008 198.333344 0.213905 0.308792 0.053493 0.000000 0.000000
89.999992 137.500000 198.333344 0.210918 0.313381 0.047155 0.000000 0.000000
90.000000 165.000000 198.333328 0.209028 0.313798 0.044016 0.000000 0.000000
98.000000 0.000000 171.666656 0.191075 0.270854 0.050336 0.000000 0.000000
98.000000 27.500000 171.666656 0.205465 0.281862 0.057804 0.000000 0.000000
97.999992 55.000000 171.666656 0.211340 0.287059 0.060693 0.000000 0.000000
98.000000 82.500000 171.666641 0.209296 0.291705 0.057035 0.000000 0.000000
98.000000 110.000000 171.666656 0.205527 0.295648 0.051403 0.000000 0.000000
98.000000 137.500000 171.666656 0.203645 0.300568 0.046071 0.000000 0.000000
98.000000 165.000000 171.666656 0.201846 0.300719 0.043262 0.000000 0.000000
106.000000 0.000000 145.000000 0.185676 0.267608 0.046354 0.000000 0.000000
105.999992 27.500000 145.000000 0.190176 0.264344 0.051861 0.000000 0.000000
106.000000 55.000000 144.999985 0.200471 0.272463 0.057039 0.000000 0.000000
106.000000 82.500000 145.000000 0.200661 0.277970 0.054810 0.000000 0.000000
106.000000 110.000000 145.000000 0.197839 0.282040 0.050051 0.000000 0.000000
106.000000 137.500000 145.000000 0.196133 0.286767 0.045189 0.000000 0.000000
106.000000 165.000000 145.000000 0.194064 0.286382 0.042524 0.000000 0.000000
114.000000 0.000000 118.333328 0.165109 0.238914 0.040608 0.000000 0.000000
114.000000 27.500000 118.333328 0.179898 0.246643 0.049762 0.000000 0.000000
114.000000 55.000000 118.333321 0.193554 0.259491 0.055624 0.000000 0.000000
114.000008 82.500000 118.333328 0.193221 0.263901 0.053551 0.000000 0.000000
114.000000 110.000000 118.333328 0.190086 0.267412 0.049010 0.000000 0.000000
114.000000 137.500000 118.333328 0.187947 0.271599 0.044297 0.000000 0.000000
114.000000 165.000000 118.333328 0.185346 0.270509 0.041638 0.000000 0.000000
122.000000 0.000000 91.666656 0.160384 0.226726 0.040780 0.000000 0.000000
122.000000 27.500000 91.666664 0.175409 0.236329 0.048915 0.000000 0.000000
122.000000 55.000000 91.666656 0.185753 0.244616 0.053931 0.000000 0.000000
122.000000 82.500000 91.666664 0.184697 0.248088 0.051955 0.000000 0.000000
122.000000 110.000000 91.666664 0.181091 0.251042 0.047594 0.000000 0.000000
122.000000 137.500015 91.666664 0.178453 0.254645 0.043034 0.000000 0.000000
122.000000 165.000000 91.666656 0.175212 0.252749 0.040359 0.000000 0.000000
130.000000 0.000000 65.000000 0.157855 0.219066 0.040742 0.000000 0.000000
130.000000 27.500000 65.000000 0.173927 0.228887 0.049655 0.000000 0.000000
130.000000 55.000000 65.000000 0.180609 0.235667 0.052647 0.000000 0.000000
130.000000 82.500000 65.000000 0.178345 0.238846 0.049983 0.000000 0.000000
130.000000 110.000000 65.000000 0.174536 0.241608 0.045572 0.000000 0.000000
130.000000 137.500000 65.000000 0.172054 0.245090 0.041235 0.000000 0.000000
130.000000 165.000000 65.000000 0.170110 0.244645 0.039239 0.000000 0.000000
240.000000 0.000000 272.000000 0.572238 0.484525 0.226920 0.000000 0.000000
240.000000 27.500000 272.000000 0.546533 0.464641 0.216170 0.000000 0.000000
239.999985 55.000000 272.000000 0.515514 0.442642 0.202828 0.000000 0.000000
240.000000 82.500000 272.000000 0.507363 0.438860 0.198900 0.000000 0.000000
240.000000 110.000000 272.000000 0.503110 0.437461 0.196672 0.000000 0.000000
240.000000 137.500000 272.000000 0.502084 0.438065 0.195853 0.000000 0.000000
240.000000 165.000000 272.000000 0.503016 0.439777 0.196002 0.000000 0.000000
213.666672 0.000000 264.166656 0.537757 0.457539 0.212778 0.000000 0.000000
213.666656 27.500002 264.166656 0.522561 0.447210 0.206233 0.000000 0.000000
213.666672 55.000004 264.166656 0.518543 0.447104 0.203947 0.000000 0.000000
213.666656 82.500000 264.166656 0.507744 0.441290 0.198900 0.000000 0.000000
213.666672 110.000008 264.166656 0.502331 0.439043 0.196153 0.000000 0.000000
213.666656 137.500000 264.166687 0.500839 0.439335 0.195118 0.000000 0.000000
213.666672 165.000000 264.166656 0.499718 0.439970 0.194356 0.000000 0.000000
187.333313 0.000000 256.333313 0.519509 0.445118 0.205464 0.000000 0.000000
187.333328 27.500000 256.333313 0.545328 0.467663 0.215716 0.000000 0.000000
187.333313 55.000000 256.333313 0.521832 0.452657 0.205196 0.000000 0.000000
187.333328 82.500000 256.333313 0.505845 0.443115 0.197885 0.000000 0.000000
187.333328 110.000000 256.333313 0.498149 0.439404 0.194108 0.000000 0.000000
187.333313 137.500000 256.333313 0.494945 0.438618 0.192282 0.000000 0.000000
187.333313 165.000000 256.333313 0.492439 0.438419 0.190886 0.000000 0.000000
161.000000 0.000000 248.500000 0.544518 0.467313 0.215786 0.000000 0.000000
160.999985 27.500000 248.500000 0.530536 0.459107 0.209378 0.000000 0.000000
161.000000 55.000000 248.500000 0.515734 0.451324 0.202338 0.000000 0.000000
161.000000 82.500000 248.500000 0.499807 0.442151 0.194960 0.000000 0.000000
161.000000 110.000000 248.500000 0.491114 0.437952 0.190693 0.000000 0.000000
161.000000 137.500000 248.500000 0.486935 0.436686 0.188400 0.000000 0.000000
161.000000 165.000000 248.500000 0.483820 0.436247 0.186666 0.000000 0.000000
134.666656 0.000000 240.666656 0.464954 0.409007 0.182366 0.000000 0.000000
134.666672 27.500000 240.666656 0.487745 0.429903 0.191161 0.000000 0.000000
134.666656 55.000000 240.666656 0.500546 0.443760 0.195552 0.000000 0.000000
134.666656 82.500000 240.666656 0.488937 0.438205 0.189908 0.000000 0.000000
134.666656 110.000000 240.666656 0.480486 0.434444 0.185674 0.000000 0.000000
134.666656 137.500000 240.666656 0.476079 0.433241 0.183219 0.000000 0.000000
134.666656 165.000000 240.666656 0.471785 0.432260 0.180950 0.000000 0.000000
108.333328 0.000000 232.833344 0.433570 0.389549 0.168716 0.000000 0.000000
108.333328 27.500000 232.833313 0.471766 0.422483 0.183922 0.000000 0.000000
108.333321 55.000000 232.833313 0.482807 0.435080 0.187597 0.000000 0.000000
108.333328 82.500000 232.833344 0.473677 0.431687 0.182923 0.000000 0.000000
108.333328 110.000000 232.833313 0.466100 0.428769 0.178997 0.000000 0.000000
108.333328 137.500015 232.833344 0.461957 0.427956 0.176588 0.000000 0.000000
108.333328 165.000000 232.833344 0.457552 0.427063 0.174192 0.000000 0.000000
82.000000 0.000000 225.000000 0.441889 0.400200 0.171542 0.000000 0.000000
81.999992 27.500000 225.000000 0.472750 0.427295 0.183711 0.000000 0.000000
82.000000 55.000000 224.999985 0.470609 0.429650 0.181909 0.000000 0.000000
82.000000 82.500000 225.000000 0.462497 0.426925 0.177660 0.000000 0.000000
82.000000 110.000000 225.000000 0.456200 0.424896 0.174264 0.000000 0.000000
82.000000 137.500000 225.000000 0.453175 0.424924 0.172292 0.000000 0.000000
82.000000 165.000000 225.000000 0.450613 0.424635 0.170827 0.000000 0.000000
423.000000 330.000000 247.000000 1.000000 0.921929 0.482977 0.000000 0.000000
396.666656 330.000000 255.166656 1.000000 0.957310 0.501717 0.000000 0.000000
370.333313 330.000000 263.333313 1.000000 1.000000 0.542830 0.000000 0.000000
344.000000 330.000000 271.500000 1.000000 1.000000 0.578405 0.000000 0.000000
317.666656 330.000000 279.666687 1.000000 1.000000 0.605020 0.000000 0.000000
291.333313 330.000000 287.833313 1.000000 1.000000 0.619813 0.000000 0.000000
265.000000 330.000000 296.000000 1.000000 1.000000 0.622448 0.000000 0.000000
431.166687 330.000000 273.500000 1.000000 0.923557 0.483799 0.000000 0.000000
404.833313 330.000000 281.694427 1.000000 0.963685 0.505037 0.000000 0.000000
378.500000 330.000000 289.888885 1.000000 1.000000 0.543955 0.000000 0.000000
352.166656 330.000000 298.083344 1.000000 1.000000 0.576616 0.000000 0.000000
325.833344 330.000000 306.277802 1.000000 1.000000 0.599820 0.000000 0.000000
299.500000 330.000000 314.472229 1.000000 1.000000 0.611069 0.000000 0.000000
273.166656 330.000000 322.666656 1.000000 1.000000 0.608645 0.000000 0.000000
439.333313 330.000000 300.000000 1.000000 0.898408 0.470353 0.000000 0.000000
413.000000 330.000031 308.222229 1.000000 0.932821 0.488556 0.000000 0.000000
386.666626 329.999969 316.444458 1.000000 1.000000 0.524651 0.000000 0.000000
360.333344 330.000000 324.666687 1.000000 1.000000 0.554760 0.000000 0.000000
334.000000 329.999969 332.888885 1.000000 1.000000 0.576001 0.000000 0.000000
307.666626 330.000000 341.111084 1.000000 1.000000 0.586164 0.000000 0.000000
281.333313 330.000000 349.333313 1.000000 1.000000 0.580994 0.000000 0.000000
447.500000 330.000000 326.500000 1.000000 0.860700 0.450202 0.000000 0.000000
421.166656 330.000000 334.750000 1.000000 0.889071 0.465193 0.000000 0.000000
394.833344 330.000000 343.000000 1.000000 0.950259 0.497552 0.000000 0.000000
368.500000 330.000000 351.250000 1.000000 1.000000 0.524348 0.000000 0.000000
342.166687 330.000000 359.500000 1.000000 1.000000 0.543127 0.000000 0.000000
315.833313 330.000000 367.750000 1.000000 1.000000 0.552037 0.000000 0.000000
289.500000 330.000000 376.000000 1.000000 1.000000 0.545021 0.000000 0.000000
455.666687 330.000000 353.000000 1.000000 0.814373 0.425437 0.000000 0.000000
429.333344 330.000000 361.277771 1.000000 0.837017 0.437381 0.000000 0.000000
403.000000 329.999969 369.555542 1.000000 0.890436 0.465614 0.000000 0.000000
376.666687 330.000000 377.833344 1.000000 0.934535 0.488819 0.000000 0.000000
350.333344 330.000000 386.111115 1.000000 0.965578 0.505006 0.000000 0.000000
324.000000 330.000000 394.388855 1.000000 0.980817 0.512703 0.000000 0.000000
297.666687 330.000000 402.666656 1.000000 0.966606 0.504847 0.000000 0.000000
463.833313 330.000000 379.500000 1.000000 0.763541 0.398246 0.000000 0.000000
437.500000 330.000000 387.805573 1.000000 0.781253 0.407562 0.000000 0.000000
411.166626 330.000000 396.111084 1.000000 0.827097 0.431765 0.000000 0.000000
384.833344 330.000000 404.416687 1.000000 0.864744 0.451534 0.000000 0.000000
358.500000 330.000000 412.722229 1.000000 0.891302 0.465328 0.000000 0.000000
332.166687 330.000000 421.027802 1.000000 0.904685 0.472023 0.000000 0.000000
305.833344 330.000000 429.333344 1.000000 0.890688 0.464260 0.000000 0.000000
472.000000 330.000000 406.000000 0.970393 0.727897 0.379147 0.000000 0.000000
445.666656 330.000000 414.333313 1.000000 0.758243 0.395177 0.000000 0.000000
419.333313 330.000000 422.666656 1.000000 0.798806 0.416553 0.000000 0.000000
393.000000 330.000000 431.000000 1.000000 0.831348 0.433586 0.000000 0.000000
366.666687 330.000000 439.333313 1.000000 0.853507 0.445015 0.000000 0.000000
340.333344 330.000000 447.666687 1.000000 0.863701 0.449985 0.000000 0.000000
314.000000 330.000000 456.000000 1.000000 0.857111 0.446225 0.000000 0.000000
423.000000 0.000000 247.000000 0.374915 0.194525 0.097442 0.000000 0.000000
423.000000 55.000000 247.000000 0.383020 0.186239 0.092472 0.000000 0.000000
422.999969 110.000000 247.000000 0.395548 0.163601 0.078931 0.000000 0.000000
423.000000 165.000000 247.000000 0.415440 0.141997 0.064757 0.000000 0.000000
423.000000 220.000000 247.000000 0.445365 0.131817 0.055867 0.000000 0.000000
423.000000 275.000000 247.000000 0.475216 0.130333 0.051823 0.000000 0.000000
423.000000 330.000000 247.000000 0.494390 0.132794 0.051324 0.000000 0.000000
431.166687 0.000000 273.500000 0.371662 0.177432 0.087752 0.000000 0.000000
431.166656 55.000004 273.500000 0.374783 0.163260 0.079517 0.000000 0.000000
431.166687 110.000008 273.500000 0.390939 0.148128 0.069973 0.000000 0.000000
431.166687 165.000000 273.500000 0.419266 0.133996 0.059507 0.000000 0.000000
431.166687 220.000015 273.500000 0.454043 0.128534 0.053009 0.000000 0.000000
431.166687 275.000000 273.500000 0.485837 0.130100 0.050732 0.000000 0.000000
431.166687 330.000000 273.500000 0.503818 0.132808 0.050662 0.000000 0.000000
439.333313 0.000000 300.000000 0.346172 0.138951 0.066274 0.000000 0.000000
439.333313 55.000000 300.000000 0.350822 0.137228 0.065274 0.000000 0.000000
439.333313 110.000000 300.000000 0.377610 0.132946 0.061542 0.000000 0.000000
439.333313 165.000000 300.000000 0.414696 0.125644 0.054612 0.000000 0.000000
439.333282 220.000000 300.000000 0.456848 0.124344 0.050174 0.000000 0.000000
439.333313 275.000000 300.000000 0.493869 0.128482 0.049157 0.000000 0.000000
439.333313 330.000000 300.000000 0.513288 0.132043 0.049516 0.000000 0.000000
447.500000 0.000000 326.500000 0.324188 0.117696 0.054592 0.000000 0.000000
447.500000 55.000000 326.500000 0.333539 0.120221 0.055898 0.000000 0.000000
447.500000 110.000000 326.500000 0.364241 0.119728 0.054176 0.000000 0.000000
447.500000 165.000000 326.500000 0.408348 0.117542 0.049871 0.000000 0.000000
447.500000 220.000000 326.500000 0.457323 0.119980 0.047294 0.000000 0.000000
447.500000 275.000000 326.500000 0.499346 0.126513 0.047463 0.000000 0.000000
447.500000 330.000000 326.500000 0.520019 0.130869 0.048227 0.000000 0.000000
455.666687 0.000000 353.000000 0.303346 0.104578 0.047661 0.000000 0.000000
455.666687 55.000000 353.000031 0.313607 0.106743 0.048663 0.000000 0.000000
455.666656 110.000000 353.000000 0.351876 0.109272 0.048287 0.000000 0.000000
455.666656 165.000000 353.000000 0.400772 0.110282 0.045584 0.000000 0.000000
455.666656 220.000000 353.000000 0.455597 0.115811 0.044559 0.000000 0.000000
455.666656 275.000000 353.000000 0.502263 0.124446 0.045784 0.000000 0.000000
455.666687 330.000000 353.000000 0.523890 0.129489 0.046915 0.000000 0.000000
463.833313 0.000000 379.500000 0.279860 0.095030 0.042889 0.000000 0.000000
463.833313 55.000000 379.500000 0.302313 0.101419 0.045694 0.000000 0.000000
463.833282 110.000000 379.500000 0.341031 0.101744 0.043923 0.000000 0.000000
463.833313 165.000000 379.500000 0.392251 0.104251 0.041945 0.000000 0.000000
463.833313 220.000000 379.500000 0.451747 0.112174 0.042162 0.000000 0.000000
463.833374 275.000031 379.500031 0.502675 0.122562 0.044291 0.000000 0.000000
463.833313 330.000000 379.500000 0.525044 0.128167 0.045746 0.000000 0.000000
472.000000 0.000000 406.000000 0.278803 0.098349 0.044622 0.000000 0.000000
472.000000 55.000000 406.000000 0.306114 0.100742 0.044905 0.000000 0.000000
472.000000 110.000000 406.000000 0.344487 0.098163 0.041206 0.000000 0.000000
472.000000 165.000000 406.000000 0.400515 0.102967 0.040182 0.000000 0.000000
472.000000 220.000000 406.000000 0.462978 0.112953 0.041468 0.000000 0.000000
472.000000 275.000000 406.000000 0.512020 0.124158 0.044290 0.000000 0.000000
472.000000 330.000000 406.000000 0.528670 0.128842 0.045704 0.000000 0.000000
472.000000 0.000000 406.000000 0.316010 0.204464 0.098874 0.000000 0.000000
472.000000 55.000000 406.000000 0.342276 0.221930 0.107526 0.000000 0.000000
472.000000 110.000000 406.000000 0.385827 0.249488 0.122067 0.000000 0.000000
472.000000 165.000000 406.000000 0.433835 0.279065 0.138220 0.000000 0.000000
472.000000 220.000000 406.000000 0.485596 0.309153 0.154394 0.000000 0.000000
472.000000 275.000000 406.000000 0.528863 0.333170 0.167069 0.000000 0.000000
472.000000 330.000000 406.000000 0.551724 0.347203 0.174388 0.000000 0.000000
445.666656 0.000000 414.333313 0.328952 0.216026 0.104370 0.000000 0.000000
445.666656 55.000004 414.333313 0.358859 0.236946 0.114874 0.000000 0.000000
445.666656 110.000008 414.333313 0.402384 0.264991 0.129946 0.000000 0.000000
445.666626 165.000000 414.333313 0.452177 0.296308 0.147088 0.000000 0.000000
445.666656 220.000015 414.333374 0.502325 0.326829 0.163545 0.000000 0.000000
445.666687 275.000000 414.333344 0.541339 0.350259 0.175987 0.000000 0.000000
445.666656 330.000000 414.333313 0.559767 0.365847 0.184199 0.000000 0.000000
419.333313 0.000000 422.666656 0.344928 0.234422 0.113024 0.000000 0.000000
419.333313 55.000000 422.666656 0.373583 0.255123 0.123452 0.000000 0.000000
419.333282 110.000000 422.666626 0.413723 0.281703 0.137985 0.000000 0.000000
419.333344 165.000000 422.666656 0.463453 0.314785 0.156253 0.000000 0.000000
419.333313 220.000000 422.666626 0.513201 0.347736 0.174200 0.000000 0.000000
419.333282 275.000000 422.666626 0.551902 0.373276 0.187932 0.000000 0.000000
419.333313 330.000000 422.666656 0.571005 0.389518 0.196530 0.000000 0.000000
393.000000 0.000000 431.000000 0.363933 0.255034 0.122741 0.000000 0.000000
392.999969 55.000000 431.000000 0.386664 0.272348 0.131573 0.000000 0.000000
393.000000 110.000000 431.000000 0.425099 0.298621 0.146087 0.000000 0.000000
393.000000 165.000000 431.000000 0.474395 0.332599 0.164978 0.000000 0.000000
393.000000 220.000000 431.000000 0.524429 0.367423 0.184084 0.000000 0.000000
393.000000 275.000000 431.000000 0.563796 0.394847 0.198962 0.000000 0.000000
393.000000 330.000000 431.000000 0.583674 0.411629 0.207887 0.000000 0.000000
366.666687 0.000000 439.333313 0.381649 0.275738 0.132551 0.000000 0.000000
366.666656 55.000000 439.333374 0.403048 0.292729 0.141316 0.000000 0.000000
366.666626 110.000000 439.333313 0.437796 0.316570 0.154730 0.000000 0.000000
366.666687 165.000000 439.333313 0.485820 0.350282 0.173564 0.000000 0.000000
366.666687 220.000000 439.333313 0.535891 0.386038 0.193289 0.000000 0.000000
366.666656 275.000000 439.333313 0.576116 0.414842 0.209029 0.000000 0.000000
366.666687 330.000000 439.333313 0.596663 0.431962 0.218174 0.000000 0.000000
340.333344 0.000000 447.666687 0.412439 0.307247 0.147462 0.000000 0.000000
340.333344 55.000000 447.666687 0.425628 0.318036 0.153456 0.000000 0.000000
340.333313 110.000000 447.666626 0.452883 0.336145 0.164264 0.000000 0.000000
340.333344 165.000000 447.666687 0.498313 0.368241 0.182246 0.000000 0.000000
340.333313 220.000000 447.666656 0.547451 0.403700 0.201887 0.000000 0.000000
340.333344 275.000031 447.666687 0.588098 0.433120 0.218066 0.000000 0.000000
340.333344 330.000000 447.666687 0.608989 0.450255 0.227258 0.000000 0.000000
314.000000 0.000000 456.000000 0.433115 0.328601 0.157695 0.000000 0.000000
314.000000 55.000000 456.000000 0.437794 0.331094 0.160307 0.000000 0.000000
314.000000 110.000000 455.999969 0.469987 0.352968 0.172919 0.000000 0.000000
314.000000 165.000000 456.000000 0.516165 0.385913 0.191344 0.000000 0.000000
314.000000 220.000000 456.000000 0.564072 0.420630 0.210582 0.000000 0.000000
314.000000 275.000000 456.000000 0.602238 0.448260 0.225822 0.000000 0.000000
314.000000 330.000000 456.000000 0.617259 0.460043 0.232200 0.000000 0.000000
314.000000 0.000000 456.000000 0.482747 0.420466 0.187957 0.000000 0.000000
314.000000 55.000000 456.000000 0.485860 0.425580 0.189126 0.000000 0.000000
314.000000 110.000000 455.999969 0.482800 0.428216 0.187361 0.000000 0.000000
314.000000 165.000000 456.000000 0.482684 0.431647 0.186672 0.000000 0.000000
314.000000 220.000000 456.000000 0.491667 0.439717 0.189909 0.000000 0.000000
314.000000 275.000000 456.000000 0.507640 0.450920 0.196268 0.000000 0.000000
314.000000 330.000000 456.000000 0.520737 0.459524 0.201619 0.000000 0.000000
305.833313 0.000000 429.333344 0.478654 0.419610 0.186431 0.000000 0.000000
305.833344 55.000004 429.333344 0.482517 0.426235 0.187773 0.000000 0.000000
305.833313 110.000008 429.333344 0.480420 0.429414 0.186137 0.000000 0.000000
305.833344 165.000000 429.333313 0.480306 0.432675 0.185381 0.000000 0.000000
305.833374 220.000015 429.333344 0.489436 0.440644 0.188690 0.000000 0.000000
305.833374 275.000000 429.333344 0.505585 0.451721 0.195193 0.000000 0.000000
305.833313 330.000000 429.333344 0.513894 0.457939 0.198574 0.000000 0.000000
297.666656 0.000000 402.666626 0.508876 0.446870 0.199136 0.000000 0.000000
297.666656 55.000000 402.666656 0.499810 0.442961 0.194908 0.000000 0.000000
297.666656 110.000000 402.666626 0.475934 0.429718 0.184047 0.000000 0.000000
297.666656 165.000000 402.666656 0.472563 0.431141 0.181786 0.000000 0.000000
297.666656 220.000000 402.666626 0.479516 0.437943 0.184142 0.000000 0.000000
297.666626 275.000000 402.666626 0.495310 0.448937 0.190567 0.000000 0.000000
297.666656 330.000000 402.666626 0.505111 0.456127 0.194654 0.000000 0.000000
289.500000 0.000000 376.000000 0.512698 0.452240 0.200733 0.000000 0.000000
289.500000 55.000000 375.999969 0.480876 0.430722 0.187056 0.000000 0.000000
289.500000 110.000000 376.000000 0.470845 0.428870 0.181715 0.000000 0.000000
289.500000 165.000000 376.000000 0.464865 0.429065 0.178215 0.000000 0.000000
289.500000 220.000000 376.000000 0.470729 0.435518 0.180076 0.000000 0.000000
289.500000 275.000000 376.000000 0.487248 0.447233 0.186878 0.000000 0.000000
289.500000 330.000000 376.000000 0.498913 0.455635 0.191840 0.000000 0.000000
281.333344 0.000000 349.333313 0.494039 0.438978 0.193105 0.000000 0.000000
281.333344 55.000000 349.333344 0.484996 0.435387 0.188708 0.000000 0.000000
281.333313 110.000000 349.333313 0.465970 0.427566 0.179463 0.000000 0.000000
281.333344 165.000000 349.333313 0.457741 0.426910 0.174881 0.000000 0.000000
281.333313 220.000000 349.333313 0.463644 0.433818 0.176744 0.000000 0.000000
281.333313 275.000000 349.333313 0.481257 0.446508 0.184083 0.000000 0.000000
281.333344 330.000000 349.333313 0.494441 0.455904 0.189764 0.000000 0.000000
273.166656 0.000000 322.666656 0.477658 0.426969 0.186343 0.000000 0.000000
273.166687 55.000000 322.666656 0.464711 0.420718 0.180207 0.000000 0.000000
273.166656 110.000000 322.666626 0.461394 0.425553 0.177321 0.000000 0.000000
273.166687 165.000000 322.666656 0.452027 0.425000 0.172141 0.000000 0.000000
273.166656 220.000000 322.666656 0.459631 0.433645 0.174767 0.000000 0.000000
273.166687 275.000031 322.666687 0.477141 0.446553 0.182113 0.000000 0.000000
273.166656 330.000000 322.666656 0.490485 0.456033 0.187908 0.000000 0.000000
265.000000 0.000000 296.000000 0.446945 0.403602 0.173547 0.000000 0.000000
265.000000 55.000000 296.000000 0.466989 0.423939 0.180746 0.000000 0.000000
265.000000 110.000000 296.000000 0.454824 0.422827 0.174065 0.000000 0.000000
265.000000 165.000000 296.000000 0.450750 0.426155 0.171256 0.000000 0.000000
265.000000 220.000000 296.000000 0.461299 0.436475 0.175284 0.000000 0.000000
265.000000 275.000000 296.000000 0.480287 0.450081 0.183399 0.000000 0.000000
265.000000 330.000000 296.000000 0.492728 0.458533 0.188866 0.000000 0.000000
265.000000 0.000000 296.000000 0.598053 0.467379 0.233934 0.000000 0.000000
265.000000 55.000000 296.000000 0.534724 0.414625 0.206887 0.000000 0.000000
265.000000 110.000000 296.000000 0.461137 0.355785 0.174443 0.000000 0.000000
265.000000 165.000000 296.000000 0.440018 0.347674 0.166265 0.000000 0.000000
265.000000 220.000000 296.000000 0.465478 0.378293 0.179982 0.000000 0.000000
265.000000 275.000000 296.000000 0.494081 0.403776 0.193638 0.000000 0.000000
265.000000 330.000000 296.000000 0.524274 0.427310 0.207278 0.000000 0.000000
291.333313 0.000000 287.833313 0.557442 0.430688 0.216760 0.000000 0.000000
291.333344 55.000004 287.833344 0.498671 0.380323 0.191114 0.000000 0.000000
291.333313 110.000008 287.833313 0.451460 0.344215 0.169893 0.000000 0.000000
291.333313 165.000000 287.833344 0.439096 0.345566 0.166128 0.000000 0.000000
291.333344 220.000015 287.833344 0.463661 0.374220 0.179134 0.000000 0.000000
291.333344 275.000000 287.833344 0.497959 0.403920 0.195291 0.000000 0.000000
291.333313 330.000000 287.833313 0.523260 0.422912 0.206643 0.000000 0.000000
317.666656 0.000000 279.666656 0.500347 0.378065 0.192786 0.000000 0.000000
317.666656 55.000000 279.666656 0.470987 0.351785 0.179067 0.000000 0.000000
317.666656 110.000000 279.666656 0.444703 0.333056 0.166595 0.000000 0.000000
317.666656 165.000000 279.666656 0.427579 0.330660 0.160417 0.000000 0.000000
317.666656 220.000000 279.666656 0.448716 0.356655 0.171898 0.000000 0.000000
317.666656 275.000000 279.666626 0.486480 0.389728 0.189779 0.000000 0.000000
317.666656 330.000000 279.666656 0.511421 0.408804 0.200993 0.000000 0.000000
344.000000 0.000000 271.500000 0.458343 0.340865 0.174774 0.000000 0.000000
344.000000 55.000000 271.500000 0.461825 0.341739 0.174726 0.000000 0.000000
344.000000 110.000000 271.500000 0.436166 0.323964 0.162526 0.000000 0.000000
344.000000 165.000000 271.500000 0.416743 0.317902 0.154995 0.000000 0.000000
344.000000 220.000000 271.500000 0.433427 0.339252 0.164315 0.000000 0.000000
344.000000 275.000000 271.500000 0.470932 0.372454 0.182180 0.000000 0.000000
344.000000 330.000000 271.500000 0.494049 0.390373 0.192579 0.000000 0.000000
370.333313 0.000000 263.333344 0.453516 0.334147 0.172005 0.000000 0.000000
370.333344 55.000000 263.333344 0.454660 0.333643 0.170981 0.000000 0.000000
370.333313 110.000000 263.333313 0.426832 0.314214 0.157998 0.000000 0.000000
370.333313 165.000000 263.333344 0.406495 0.305624 0.149695 0.000000 0.000000
370.333313 220.000000 263.333313 0.418905 0.322489 0.156759 0.000000 0.000000
370.333313 275.000000 263.333313 0.453352 0.353372 0.173265 0.000000 0.000000
370.333313 330.000000 263.333344 0.473397 0.368973 0.182248 0.000000 0.000000
396.666687 0.000000 255.166656 0.459883 0.336455 0.173344 0.000000 0.000000
396.666656 55.000000 255.166672 0.453413 0.330493 0.169304 0.000000 0.000000
396.666626 110.000000 255.166656 0.417860 0.304610 0.153188 0.000000 0.000000
396.666687 165.000000 255.166672 0.397382 0.294210 0.144433 0.000000 0.000000
396.666687 220.000000 255.166656 0.405860 0.306536 0.149338 0.000000 0.000000
396.666687 275.000031 255.166672 0.435417 0.333393 0.163574 0.000000 0.000000
396.666687 330.000000 255.166656 0.451828 0.346046 0.170796 0.000000 0.000000
423.000000 0.000000 247.000000 0.464793 0.338426 0.174124 0.000000 0.000000
423.000000 55.000000 247.000000 0.442148 0.320261 0.163471 0.000000 0.000000
422.999969 110.000000 247.000000 0.405949 0.294291 0.147163 0.000000 0.000000
423.000000 165.000000 247.000000 0.390943 0.287590 0.140736 0.000000 0.000000
423.000000 220.000000 247.000000 0.402601 0.301332 0.146893 0.000000 0.000000
423.000000 275.000000 247.000000 0.432277 0.327733 0.161057 0.000000 0.000000
423.000000 330.000000 247.000000 0.446844 0.339297 0.167587 0.000000 0.000000

4644

0 1 10
1 11 10
10 11 20
11 21 20
20 21 30
21 31 30
30 31 40
31 41 40
40 41 50
41 51 50
50 51 60
51 61 60
60 61 70
61 71 70
70 71 80
71 81 80
80 81 90
81 91 90
1 2 11
2 12 11
11 12 21
12 22 21
21 22 31
22 32 31
31 32 41
32 42 41
41 42 51
42 52 51
51 52 61
52 62 61
61 62 71
62 72 71
71 72 81
72 82 81
81 82 91
82 92 91
2 3 12
3 13 12
12 13 22
13 23 22
22 23 32
23 33 32
32 33 42
33 43 42
42 43 52
43 53 52
52 53 62
53 63 62
62 63 72
63 73 72
72 73 82
73 83 82
82 83 92
83 93 92
3 4 13
4 14 13
13 14 23
14 24 23
23 24 33
24 34 33
33 34 43
34 44 43
43 44 53
44 54 53
53 54 63
54 64 63
63 64 73
64 74 73
73 74 83
74 84 83
83 84 93
84 94 93
4 5 14
5 15 14
14 15 24
15 25 24
24 25 34
25 35 34
34 35 44
35 45 44
44 45 54
45 55 54
54 55 64
55 65 64
64 65 74
65 75 74
74 75 84
75 85 84
84 85 94
85 95 94
5 6 15
6 16 15
15 16 25
16 26 25
25 26 35
26 36 35
35 36 45
36 46 45
45 46 55
46 56 55
55 56 65
56 66 65
65 66 75
66 76 75
75 76 85
76 86 85
85 86 95
86 96 95
6 7 16
7 17 16
16 17 26
17 27 26
26 27 36
27 37 36
36 37 46
37 47 46
46 47 56
47 57 56
56 57 66
57 67 66
66 67 76
67 77 76
76 77 86
77 87 86
86 87 96
87 97 96
7 8 17
8 18 17
17 18 27
18 28 27
27 28 37
28 38 37
37 38 47
38 48 47
47 48 57
48 58 57
57 58 67
58 68 67
67 68 77
68 78 77
77 78 87
78 88 87
87 88 97
88 98 97
8 9 18
9 19 18
18 19 28
19 29 28
28 29 38
29 39 38
38 39 48
39 49 48
48 49 58
49 59 58
58 59 68
59 69 68
68 69 78
69 79 78
78 79 88
79 89 88
88 89 98
89 99 98
100 101 110
101 111 110
110 111 120
111 121 120
120 121 130
121 131 130
130 131 140
131 141 140
140 141 150
141 151 150
150 151 160
151 161 160
160 161 170
161 171 170
170 171 180
171 181 180
180 181 190
181 191 190
101 102 111
102 112 111
111 112 121
112 122 121
121 122 131
122 132 131
131 132 141
132 142 141
141 142 151
142 152 151
151 152 161
152 162 161
161 162 171
162 172 171
171 172 181
172 182 181
181 182 191
182 192 191
102 103 112
103 113 112
112 113 122
113 123 122
122 123 132
123 133 132
132 133 142
133 143 142
142 143 152
143 153 152
152 153 162
153 163 162
162 163 172
163 173 172
172 173 182
173 183 182
182 183 192
183 193 192
103 104 113
104 114 113
113 114 123
114 124 123
123 124 133
124 134 133
133 134 143
134 144 143
143 144 153
144 154 153
153 154 163
154 164 163
163 164 173
164 174 173
173 174 183
174 184 183
183 184 193
184 194 193
104 105 114
105 115 114
114 115 124
115 125 124
124 125 134
125 135 134
134 135 144
135 145 144
144 145 154
145 155 154
154 155 164
155 165 164
164 165 174
165 175 174
174 175 184
175 185 184
184 185 194
185 195 194
105 106 115
106 116 115
115 116 125
116 126 125
125 126 135
126 136 135
135 136 145
136 146 145
145 146 155
146 156 155
155 156 165
156 166 165
165 166 175
166 176 175
175 176 185
176 186 185
185 186 195
186 196 195
106 107 116
107 117 116
116 117 126
117 127 126
126 127 136
127 137 136
136 137 146
137 147 146
146 147 156
147 157 156
156 157 166
157 167 166
166 167 176
167 177 176
176 177 186
177 187 186
186 187 196
187 197 196
107 108 117
108 118 117
117 118 127
118 128 127
127 128 137
128 138 137
137 138 147
138 148 147
147 148 157
148 158 157
157 158 167
158 168 167
167 168 177
168 178 177
177 178 187
178 188 187
187 188 197
188 198 197
108 109 118
109 119 118
118 119 128
119 129 128
128 129 138
129 139 138
138 139 148
139 149 148
148 149 158
149 159 158
158 159 168
159 169 168
168 169 178
169 179 178
178 179 188
179 189 188
188 189 198
189 199 198
200 201 210
201 211 210
210 211 220
211 221 220
220 221 230
221 231 230
230 231 240
231 241 240
240 241 250
241 251 250
250 251 260
251 261 260
260 261 270
261 271 270
270 271 280
271 281 280
280 281 290
281 291 290
201 202 211
202 212 211
211 212 221
212 222 221
221 222 231
222 232 231
231 232 241
232 242 241
241 242 251
242 252 251
251 252 261
252 262 261
261 262 271
262 272 271
271 272 281
272 282 281
281 282 291
282 292 291
202 203 212
203 213 212
212 213 222
213 223 222
222 223 232
223 233 232
232 233 242
233 243 242
242 243 252
243 253 252
252 253 262
253 263 262
262 263 272
263 273 272
272 273 282
273 283 282
282 283 292
283 293 292
203 204 213
204 214 213
213 214 223
214 224 223
223 224 233
224 234 233
233 234 243
234 244 243
243 244 253
244 254 253
253 254 263
254 264 263
263 264 273
264 274 273
273 274 283
274 284 283
283 284 293
284 294 293
204 205 214
205 215 214
214 215 224
215 225 224
224 225 234
225 235 234
234 235 244
235 245 244
244 245 254
245 255 254
254 255 264
255 265 264
264 265 274
265 275 274
274 275 284
275 285 284
284 285 294
285 295 294
205 206 215
206 216 215
215 216 225
216 226 225
225 226 235
226 236 235
235 236 245
236 246 245
245 246 255
246 256 255
255 256 265
256 266 265
265 266 275
266 276 275
275 276 285
276 286 285
285 286 295
286 296 295
206 207 216
207 217 216
216 217 226
217 227 226
226 227 236
227 237 236
236 237 246
237 247 246
246 247 256
247 257 256
256 257 266
257 267 266
266 267 276
267 277 276
276 277 286
277 287 286
286 287 296
287 297 296
207 208 217
208 218 217
217 218 227
218 228 227
227 228 237
228 238 237
237 238 247
238 248 247
247 248 257
248 258 257
257 258 267
258 268 267
267 268 277
268 278 277
277 278 287
278 288 287
287 288 297
288 298 297
208 209 218
209 219 218
218 219 228
219 229 228
228 229 238
229 239 238
238 239 248
239 249 248
248 249 258
249 259 258
258 259 268
259 269 268
268 269 278
269 279 278
278 279 288
279 289 288
288 289 298
289 299 298
516 517 523
517 524 523
523 524 530
524 531 530
530 531 537
531 538 537
537 538 544
538 545 544
544 545 551
545 552 551
551 552 558
552 559 558
517 518 524
518 525 524
524 525 531
525 532 531
531 532 538
532 539 538
538 539 545
539 546 545
545 546 552
546 553 552
552 553 559
553 560 559
518 519 525
519 526 525
525 526 532
526 533 532
532 533 539
533 540 539
539 540 546
540 547 546
546 547 553
547 554 553
553 554 560
554 561 560
519 520 526
520 527 526
526 527 533
527 534 533
533 534 540
534 541 540
540 541 547
541 548 547
547 548 554
548 555 554
554 555 561
555 562 561
520 521 527
521 528 527
527 528 534
528 535 534
534 535 541
535 542 541
541 542 548
542 549 548
548 549 555
549 556 555
555 556 562
556 563 562
521 522 528
522 529 528
528 529 535
529 536 535
535 536 542
536 543 542
542 543 549
543 550 549
549 550 556
550 557 556
556 557 563
557 564 563
565 566 572
566 573 572
572 573 579
573 580 579
579 580 586
580 587 586
586 587 593
587 594 593
593 594 600
594 601 600
600 601 607
601 608 607
566 567 573
567 574 573
573 574 580
574 581 580
580 581 587
581 588 587
587 588 594
588 595 594
594 595 601
595 602 601
601 602 608
602 609 608
567 568 574
568 575 574
574 575 581
575 582 581
581 582 588
582 589 588
588 589 595
589 596 595
595 596 602
596 603 602
602 603 609
603 610 609
568 569 575
569 576 575
575 576 582
576 583 582
582 583 589
583 590 589
589 590 596
590 597 596
596 597 603
597 604 603
603 604 610
604 611 610
569 570 576
570 577 576
576 577 583
577 584 583
583 584 590
584 591 590
590 591 597
591 598 597
597 598 604
598 605 604
604 605 611
605 612 611
570 571 577
571 578 577
577 578 584
578 585 584
584 585 591
585 592 591
591 592 598
592 599 598
598 599 605
599 606 605
605 606 612
606 613 612
614 615 621
615 622 621
621 622 628
622 629 628
628 629 635
629 636 635
635 636 642
636 643 642
642 643 649
643 650 649
649 650 656
650 657 656
615 616 622
616 623 622
622 623 629
623 630 629
629 630 636
630 637 636
636 637 643
637 644 643
643 644 650
644 651 650
650 651 657
651 658 657
616 617 623
617 624 623
623 624 630
624 631 630
630 631 637
631 638 637
637 638 644
638 645 644
644 645 651
645 652 651
651 652 658
652 659 658
617 618 624
618 625 624
624 625 631
625 632 631
631 632 638
632 639 638
638 639 645
639 646 645
645 646 652
646 653 652
652 653 659
653 660 659
618 619 625
619 626 625
625 626 632
626 633 632
632 633 639
633 640 639
639 640 646
640 647 646
646 647 653
647 654 653
653 654 660
654 661 660
619 620 626
620 627 626
626 627 633
627 634 633
633 634 640
634 641 640
640 641 647
641 648 647
647 648 654
648 655 654
654 655 661
655 662 661
663 664 670
664 671 670
670 671 677
671 678 677
677 678 684
678 685 684
684 685 691
685 692 691
691 692 698
692 699 698
698 699 705
699 706 705
664 665 671
665 672 671
671 672 678
672 679 678
678 679 685
679 686 685
685 686 692
686 693 692
692 693 699
693 700 699
699 700 706
700 707 706
665 666 672
666 673 672
672 673 679
673 680 679
679 680 686
680 687 686
686 687 693
687 694 693
693 694 700
694 701 700
700 701 707
701 708 707
666 667 673
667 674 673
673 674 680
674 681 680
680 681 687
681 688 687
687 688 694
688 695 694
694 695 701
695 702 701
701 702 708
702 709 708
667 668 674
668 675 674
674 675 681
675 682 681
681 682 688
682 689 688
688 689 695
689 696 695
695 696 702
696 703 702
702 703 709
703 710 709
668 669 675
669 676 675
675 676 682
676 683 682
682 683 689
683 690 689
689 690 696
690 697 696
696 697 703
697 704 703
703 704 710
704 711 710
712 713 719
713 720 719
719 720 726
720 727 726
726 727 733
727 734 733
733 734 740
734 741 740
740 741 747
741 748 747
747 748 754
748 755 754
713 714 720
714 721 720
720 721 727
721 728 727
727 728 734
728 735 734
734 735 741
735 742 741
741 742 748
742 749 748
748 749 755
749 756 755
714 715 721
715 722 721
721 722 728
722 729 728
728 729 735
729 736 735
735 736 742
736 743 742
742 743 749
743 750 749
749 750 756
750 757 756
715 716 722
716 723 722
722 723 729
723 730 729
729 730 736
730 737 736
736 737 743
737 744 743
743 744 750
744 751 750
750 751 757
751 758 757
716 717 723
717 724 723
723 724 730
724 731 730
730 731 737
731 738 737
737 738 744
738 745 744
744 745 751
745 752 751
751 752 758
752 759 758
717 718 724
718 725 724
724 725 731
725 732 731
731 732 738
732 739 738
738 739 745
739 746 745
745 746 752
746 753 752
752 753 759
753 760 759
761 762 768
762 769 768
768 769 775
769 776 775
775 776 782
776 783 782
782 783 789
783 790 789
789 790 796
790 797 796
796 797 803
797 804 803
762 763 769
763 770 769
769 770 776
770 777 776
776 777 783
777 784 783
783 784 790
784 791 790
790 791 797
791 798 797
797 798 804
798 805 804
763 764 770
764 771 770
770 771 777
771 778 777
777 778 784
778 785 784
784 785 791
785 792 791
791 792 798
792 799 798
798 799 805
799 806 805
764 765 771
765 772 771
771 772 778
772 779 778
778 779 785
779 786 785
785 786 792
786 793 792
792 793 799
793 800 799
799 800 806
800 807 806
765 766 772
766 773 772
772 773 779
773 780 779
779 780 786
780 787 786
786 787 793
787 794 793
793 794 800
794 801 800
800 801 807
801 808 807
766 767 773
767 774 773
773 774 780
774 781 780
780 781 787
781 788 787
787 788 794
788 795 794
794 795 801
795 802 801
801 802 808
802 809 808
810 811 817
811 818 817
817 818 824
818 825 824
824 825 831
825 832 831
831 832 838
832 839 838
838 839 845
839 846 845
845 846 852
846 853 852
811 812 818
812 819 818
818 819 825
819 826 825
825 826 832
826 833 832
832 833 839
833 840 839
839 840 846
840 847 846
846 847 853
847 854 853
812 813 819
813 820 819
819 820 826
820 827 826
826 827 833
827 834 833
833 834 840
834 841 840
840 841 847
841 848 847
847 848 854
848 855 854
813 814 820
814 821 820
820 821 827
821 828 827
827 828 834
828 835 834
834 835 841
835 842 841
841 842 848
842 849 848
848 849 855
849 856 855
814 815 821
815 822 821
821 822 828
822 829 828
828 829 835
829 836 835
835 836 842
836 843 842
842 843 849
843 850 849
849 850 856
850 857 856
815 816 822
816 823 822
822 823 829
823 830 829
829 830 836
830 837 836
836 837 843
837 844 843
843 844 850
844 851 850
850 851 857
851 858 857
859 860 866
860 867 866
866 867 873
867 874 873
873 874 880
874 881 880
880 881 887
881 888 887
887 888 894
888 895 894
894 895 901
895 902 901
860 861 867
861 868 867
867 868 874
868 875 874
874 875 881
875 882 881
881 882 888
882 889 888
888 889 895
889 896 895
895 896 902
896 903 902
861 862 868
862 869 868
868 869 875
869 876 875
875 876 882
876 883 882
882 883 889
883 890 889
889 890 896
890 897 896
896 897 903
897 904 903
862 863 869
863 870 869
869 870 876
870 877 876
876 877 883
877 884 883
883 884 890
884 891 890
890 891 897
891 898 897
897 898 904
898 905 904
863 864 870
864 871 870
870 871 877
871 878 877
877 878 884
878 885 884
884 885 891
885 892 891
891 892 898
892 899 898
898 899 905
899 906 905
864 865 871
865 872 871
871 872 878
872 879 878
878 879 885
879 886 885
885 886 892
886 893 892
892 893 899
893 900 899
899 900 906
900 907 906
908 909 915
909 916 915
915 916 922
916 923 922
922 923 929
923 930 929
929 930 936
930 937 936
936 937 943
937 944 943
943 944 950
944 951 950
909 910 916
910 917 916
916 917 923
917 924 923
923 924 930
924 931 930
930 931 937
931 938 937
937 938 944
938 945 944
944 945 951
945 952 951
910 911 917
911 918 917
917 918 924
918 925 924
924 925 931
925 932 931
931 932 938
932 939 938
938 939 945
939 946 945
945 946 952
946 953 952
911 912 918
912 919 918
918 919 925
919 926 925
925 926 932
926 933 932
932 933 939
933 940 939
939 940 946
940 947 946
946 947 953
947 954 953
912 913 919
913 920 919
919 920 926
920 927 926
926 927 933
927 934 933
933 934 940
934 941 940
940 941 947
941 948 947
947 948 954
948 955 954
913 914 920
914 921 920
920 921 927
921 928 927
927 928 934
928 935 934
934 935 941
935 942 941
941 942 948
942 949 948
948 949 955
949 956 955
957 958 964
958 965 964
964 965 971
965 972 971
971 972 978
972 979 978
978 979 985
979 986 985
985 986 992
986 993 992
992 993 999
993 1000 999
958 959 965
959 966 965
965 966 972
966 973 972
972 973 979
973 980 979
979 980 986
980 987 986
986 987 993
987 994 993
993 994 1000
994 1001 1000
959 960 966
960 967 966
966 967 973
967 974 973
973 974 980
974 981 980
980 981 987
981 988 987
987 988 994
988 995 994
994 995 1001
995 1002 1001
960 961 967
961 968 967
967 968 974
968 975 974
974 975 981
975 982 981
981 982 988
982 989 988
988 989 995
989 996 995
995 996 1002
996 1003 1002
961 962 968
962 969 968
968 969 975
969 976 975
975 976 982
976 983 982
982 983 989
983 990 989
989 990 996
990 997 996
996 997 1003
997 1004 1003
962 963 969
963 970 969
969 970 976
970 977 976
976 977 983
977 984 983
983 984 990
984 991 990
990 991 997
991 998 997
997 998 1004
998 1005 1004
300 301 310
301 311 310
310 311 320
311 321 320
320 321 330
321 331 330
330 331 340
331 341 340
340 341 350
341 351 350
350 351 360
351 361 360
360 361 370
361 371 370
370 371 380
371 381 380
380 381 390
381 391 390
301 302 311
302 312 311
311 312 321
312 322 321
321 322 331
322 332 331
331 332 341
332 342 341
341 342 351
342 352 351
351 352 361
352 362 361
361 362 371
362 372 371
371 372 381
372 382 381
381 382 391
382 392 391
302 303 312
303 313 312
312 313 322
313 323 322
322 323 332
323 333 332
332 333 342
333 343 342
342 343 352
343 353 352
352 353 362
353 363 362
362 363 372
363 373 372
372 373 382
373 383 382
382 383 392
383 393 392
303 304 313
304 314 313
313 314 323
314 324 323
323 324 333
324 334 333
333 334 343
334 344 343
343 344 353
344 354 353
353 354 363
354 364 363
363 364 373
364 374 373
373 374 383
374 384 383
383 384 393
384 394 393
304 305 314
305 315 314
314 315 324
315 325 324
324 325 334
325 335 334
334 335 344
335 345 344
344 345 354
345 355 354
354 355 364
355 365 364
364 365 374
365 375 374
374 375 384
375 385 384
384 385 394
385 395 394
305 306 315
306 316 315
315 316 325
316 326 325
325 326 335
326 336 335
335 336 345
336 346 345
345 346 355
346 356 355
355 356 365
356 366 365
365 366 375
366 376 375
375 376 385
376 386 385
385 386 395
386 396 395
306 307 316
307 317 316
316 317 326
317 327 326
326 327 336
327 337 336
336 337 346
337 347 346
346 347 356
347 357 356
356 357 366
357 367 366
366 367 376
367 377 376
376 377 386
377 387 386
386 387 396
387 397 396
307 308 317
308 318 317
317 318 327
318 328 327
327 328 337
328 338 337
337 338 347
338 348 347
347 348 357
348 358 357
357 358 367
358 368 367
367 368 377
368 378 377
377 378 387
378 388 387
387 388 397
388 398 397
308 309 318
309 319 318
318 319 328
319 329 328
328 329 338
329 339 338
338 339 348
339 349 348
348 349 358
349 359 358
358 359 368
359 369 368
368 369 378
369 379 378
378 379 388
379 389 388
388 389 398
389 399 398
400 401 410
401 411 410
410 411 420
411 421 420
420 421 430
421 431 430
430 431 440
431 441 440
440 441 450
441 451 450
450 451 460
451 461 460
460 461 470
461 471 470
470 471 480
471 481 480
480 481 490
481 491 490
401 402 411
402 412 411
411 412 421
412 422 421
421 422 431
422 432 431
431 432 441
432 442 441
441 442 451
442 452 451
451 452 461
452 462 461
461 462 471
462 472 471
471 472 481
472 482 481
481 482 491
482 492 491
402 403 412
403 413 412
412 413 422
413 423 422
422 423 432
423 433 432
432 433 442
433 443 442
442 443 452
443 453 452
452 453 462
453 463 462
462 463 472
463 473 472
472 473 482
473 483 482
482 483 492
483 493 492
403 404 413
404 414 413
413 414 423
414 424 423
423 424 433
424 434 433
433 434 443
434 444 443
443 444 453
444 454 453
453 454 463
454 464 463
463 464 473
464 474 473
473 474 483
474 484 483
483 484 493
484 494 493
404 405 414
405 415 414
414 415 424
415 425 424
424 425 434
425 435 434
434 435 444
435 445 444
444 445 454
445 455 454
454 455 464
455 465 464
464 465 474
465 475 474
474 475 484
475 485 484
484 485 494
485 495 494
405 406 415
406 416 415
415 416 425
416 426 425
425 426 435
426 436 435
435 436 445
436 446 445
445 446 455
446 456 455
455 456 465
456 466 465
465 466 475
466 476 475
475 476 485
476 486 485
485 486 495
486 496 495
406 407 416
407 417 416
416 417 426
417 427 426
426 427 436
427 437 436
436 437 446
437 447 446
446 447 456
447 457 456
456 457 466
457 467 466
466 467 476
467 477 476
476 477 486
477 487 486
486 487 496
487 497 496
407 408 417
408 418 417
417 418 427
418 428 427
427 428 437
428 438 437
437 438 447
438 448 447
447 448 457
448 458 457
457 458 467
458 468 467
467 468 477
468 478 477
477 478 487
478 488 487
487 488 497
488 498 497
408 409 418
409 419 418
418 419 428
419 429 428
428 429 438
429 439 438
438 439 448
439 449 448
448 449 458
449 459 458
458 459 468
459 469 468
468 469 478
469 479 478
478 479 488
479 489 488
488 489 498
489 499 498
500 501 504
501 505 504
504 505 508
505 509 508
508 509 512
509 513 512
501 502 505
502 506 505
505 506 509
506 510 509
509 510 513
510 514 513
502 503 506
503 507 506
506 507 510
507 511 510
510 511 514
511 515 514
