526

0.418409 43.640984 0.015371 0.025131 0.999654 -0.007699
0.418409 19.058119 -21.674452 0.048479 -0.179569 -0.982550
-21.693378 20.461485 -7.177270 -0.896184 -0.354897 -0.266276
-13.246597 20.451153 18.815550 -0.494713 -0.303565 0.814314
14.009090 20.337635 18.713203 0.601067 -0.277646 0.749420
21.538687 19.525217 -6.855442 0.943789 -0.198557 -0.264266
0.418409 44.660789 -5.155760 -0.136903 0.990397 -0.019247
0.418409 43.937370 -10.077262 -0.117216 0.965854 -0.231054
0.418409 42.346554 -14.432791 -0.067320 0.938651 -0.338233
0.418409 40.702801 -18.283798 -0.039878 0.846681 -0.530604
0.418409 38.515697 -21.352406 -0.001507 0.714104 -0.700038
0.418409 35.507023 -23.331993 0.020815 0.383356 -0.923366
0.418409 32.000996 -24.301998 -0.020085 0.173489 -0.984631
0.418409 28.455425 -24.630634 -0.069939 0.013586 -0.997459
0.418409 24.543940 -24.168812 -0.063326 -0.277314 -0.958690
-4.547884 45.098705 -1.597767 0.129070 0.983729 -0.124973
-9.491894 45.374477 -3.204077 -0.205829 0.969970 -0.129584
-13.237015 42.078030 -4.422090 -0.453355 0.881694 -0.130708
-16.946468 40.609337 -5.627876 -0.452022 0.886823 -0.096028
-20.037031 38.769520 -6.632703 -0.699602 0.689509 -0.187442
-22.266205 36.282257 -7.357872 -0.790510 0.556106 -0.256593
-22.971813 32.369259 -7.588503 -0.935071 0.152507 -0.319976
-23.576971 29.140152 -7.786259 -0.935270 0.006682 -0.353871
-23.064667 25.068726 -7.621222 -0.921444 -0.243332 -0.302872
-2.687994 45.646317 4.291667 0.153100 0.985757 0.069588
-5.566498 44.323811 8.253126 0.002137 0.989912 0.141668
-8.427907 44.120575 12.191450 -0.144479 0.958484 0.245832
-10.773050 42.358067 15.418650 -0.404231 0.776105 0.484002
-12.224409 38.763184 17.415020 -0.540158 0.586748 0.603288
-13.214267 35.259659 18.776217 -0.602117 0.418790 0.679757
-13.739586 31.684071 19.498009 -0.596180 0.212125 0.774320
-14.298251 28.904564 20.265980 -0.567474 -0.025023 0.823011
-13.629654 24.242325 19.344109 -0.545457 -0.224580 0.807490
3.437349 44.349323 4.170831 -0.035811 0.997458 0.061608
6.446167 44.644150 8.312215 0.070587 0.995842 0.057582
9.108114 43.332069 11.975614 0.230649 0.895042 0.381707
11.151485 40.606003 14.787122 0.400528 0.814349 0.420016
12.913482 38.305286 17.211498 0.473925 0.792231 0.384404
14.611478 36.726254 19.548037 0.493240 0.500591 0.711423
14.465866 31.433426 19.345776 0.537098 0.057765 0.841540
14.618880 27.876043 19.555134 0.558009 -0.069106 0.826952
14.235318 23.836533 19.025795 0.602330 -0.157474 0.782560
5.433408 45.545128 -1.613438 -0.066078 0.992414 0.103669
10.136133 44.484623 -3.141817 0.311814 0.950078 0.011130
14.346765 42.927410 -4.510478 0.388830 0.921250 0.010456
17.973577 41.058945 -5.689554 0.415854 0.905007 -0.089599
21.395361 39.768623 -6.801809 0.712218 0.670540 -0.207656
22.755764 35.720451 -7.245243 0.888126 0.385695 -0.249941
23.868708 32.453484 -7.608001 0.921659 0.290613 -0.257076
24.260715 28.951590 -7.736594 0.946003 -0.100950 -0.308037
22.962330 24.049421 -7.316432 0.899913 -0.295894 -0.320317
-2.289029 20.819113 -22.503195 -0.084682 -0.256792 -0.962750
-5.200415 22.156630 -22.648619 -0.269313 -0.285891 -0.919639
-7.812507 22.121841 -21.238283 -0.288558 -0.266938 -0.919499
-11.284596 24.133213 -21.497013 -0.425754 -0.224961 -0.876428
-13.849206 24.032347 -19.629156 -0.607008 -0.183027 -0.773332
-16.150410 23.741455 -17.484667 -0.671256 -0.217968 -0.708453
-17.918337 22.979420 -14.934530 -0.740653 -0.242421 -0.626630
-20.086401 22.943172 -12.769061 -0.808769 -0.250968 -0.531890
-20.714373 21.393160 -9.783186 -0.876852 -0.303973 -0.372465
-22.056131 21.031385 -4.418857 -0.927717 -0.314867 -0.200498
-23.724966 22.982328 -1.710436 -0.972868 -0.223571 -0.059527
-23.214539 22.988724 1.319830 -0.969379 -0.230690 0.084177
-23.044193 23.505371 4.379910 -0.950700 -0.258293 0.171621
-22.471142 23.815439 7.445723 -0.942817 -0.222343 0.248315
-21.578403 23.997963 10.474859 -0.847452 -0.235570 0.475743
-19.473263 22.986164 12.838908 -0.834230 -0.287073 0.470797
-18.218620 23.121290 15.686285 -0.711949 -0.283672 0.642385
-15.301479 21.215752 16.948908 -0.605716 -0.258854 0.752398
-10.497050 20.562973 19.584944 -0.496743 -0.257707 0.828754
-8.453061 22.398489 21.886841 -0.454003 -0.253341 0.854224
-5.577997 22.752789 22.666327 -0.191463 -0.263603 0.945439
-2.709870 23.773499 23.945551 -0.138993 -0.269447 0.952932
0.418412 23.415398 23.684183 -0.003930 -0.255137 0.966897
3.534979 23.682901 23.855875 0.143818 -0.255874 0.955952
6.521404 23.164648 23.069212 0.200359 -0.264131 0.943446
9.230784 22.246487 21.741032 0.387893 -0.272860 0.880390
11.886650 21.625505 20.576756 0.488819 -0.256148 0.833933
16.038282 21.078104 16.841072 0.683647 -0.267034 0.679205
18.019432 21.812746 14.814298 0.767290 -0.315028 0.558591
19.962845 22.577604 12.614782 0.715911 -0.286102 0.636881
22.520502 24.114824 10.524989 0.872454 -0.178418 0.454962
23.136395 23.633793 7.389908 0.961383 -0.226156 0.156831
23.176208 22.786713 4.248335 0.934788 -0.223918 0.275739
24.450996 23.384542 1.342143 0.977857 -0.193252 0.080311
24.180351 22.612625 -1.683419 0.946950 -0.300406 -0.114198
22.252087 20.419746 -4.292859 0.938186 -0.280690 -0.202535
21.218327 21.049604 -9.629096 0.925759 -0.241343 -0.291074
20.870871 22.883528 -12.736467 0.871133 -0.197843 -0.449427
19.351440 23.740286 -15.420182 0.735584 -0.232982 -0.636109
16.569874 23.132891 -17.044250 0.607914 -0.302920 -0.733948
14.287808 23.349918 -19.081301 0.638861 -0.269296 -0.720650
12.100888 24.090149 -21.459309 0.457591 -0.239652 -0.856258
8.850357 22.672373 -21.757013 0.283402 -0.190087 -0.939974
6.089657 22.367256 -22.859932 0.312199 -0.205570 -0.927509
3.234637 21.672480 -23.407421 0.067976 -0.350482 -0.934099
-1.156500 17.215057 -22.520672 -0.015761 -0.249544 -0.968235
-2.211268 12.169002 -19.389389 -0.234010 -0.375833 -0.896654
-3.038621 7.966822 -17.376329 -0.197772 -0.330501 -0.922852
-3.742877 3.851611 -15.911144 -0.433116 -0.247803 -0.866605
-4.007582 -0.413658 -13.621801 -0.620234 -0.305467 -0.722495
-20.304411 16.253244 -5.161272 -0.892234 -0.318728 -0.319891
-20.166306 13.030802 -3.728071 -0.916260 -0.350298 -0.194315
-17.567917 8.146918 -2.125750 -0.940131 -0.340205 0.020334
-16.613544 4.005414 -0.993893 -0.937824 -0.283351 0.200495
-14.539556 -0.418410 0.000001 -0.942365 -0.266780 0.201932
-10.732012 15.998549 17.849579 -0.526530 -0.352266 0.773741
-8.937962 12.270755 17.396994 -0.398110 -0.289811 0.870355
-7.284439 8.276131 16.712004 -0.324467 -0.329852 0.886521
-5.768711 3.983333 15.834045 -0.593052 -0.349827 0.725197
-4.212579 -0.423382 14.252722 -0.580773 -0.430960 0.690635
14.185012 16.292618 16.412691 0.606311 -0.365269 0.706374
14.015264 12.222400 14.221839 0.705270 -0.363777 0.608491
13.474617 7.984971 12.071855 0.704723 -0.308374 0.638961
13.377978 3.922752 10.625753 0.608903 -0.233329 0.758152
13.625854 -0.421757 9.595768 0.567300 -0.183654 0.802772
20.591488 16.566454 -8.144200 0.913081 -0.247397 -0.324158
19.174658 12.967580 -9.030923 0.836811 -0.359257 -0.413136
16.108116 8.088116 -8.783789 0.754506 -0.393667 -0.525116
14.460411 3.908973 -8.997781 0.820875 -0.270609 -0.502926
12.909018 -0.415244 -9.074962 0.745352 -0.303843 -0.593405
1.919093 16.383984 -21.459259 0.192883 -0.342337 -0.919566
2.934672 11.626128 -18.553160 0.144244 -0.329788 -0.932970
3.951285 8.150789 -17.757565 0.228498 -0.231561 -0.945604
4.463861 3.732750 -15.468242 0.424063 -0.279341 -0.861475
5.049406 -0.413438 -14.252748 0.382976 -0.308401 -0.870757
-19.178581 16.081411 -7.911621 -0.913591 -0.326367 -0.242561
-18.477371 13.067163 -9.098103 -0.897911 -0.304315 -0.318036
-15.411472 8.164115 -8.862259 -0.650013 -0.345305 -0.676940
-14.350052 4.132848 -9.463276 -0.684363 -0.086195 -0.724029
-12.789034 -0.415063 -9.595768 -0.537354 -0.116490 -0.835273
-13.252013 16.175875 16.298033 -0.553155 -0.376693 0.743049
-13.242952 12.282374 14.289317 -0.689966 -0.330741 0.643862
-13.068977 8.262493 12.470530 -0.747730 -0.271044 0.606164
-13.272861 4.167856 11.225690 -0.592284 -0.287333 0.752754
-12.072382 -0.421576 9.075090 -0.610776 -0.460933 0.643811
11.610175 16.059414 17.915752 0.462020 -0.396872 0.793114
9.502638 11.901666 16.890966 0.380113 -0.188459 0.905537
8.522610 8.729149 17.582760 0.314744 -0.206413 0.926461
6.631915 4.002101 15.901558 0.170288 -0.449643 0.876825
4.844423 -0.423162 13.621862 0.430773 -0.385153 0.816144
21.850492 16.823853 -5.337927 0.962565 -0.195385 -0.187863
21.058157 13.066758 -3.738041 0.935858 -0.350620 -0.035143
18.708931 8.291778 -2.161704 0.934570 -0.343361 -0.093181
17.460390 4.008020 -0.994480 0.940192 -0.337271 0.047830
15.376375 -0.418410 -0.000001 0.940779 -0.338110 0.024832
-4.405886 43.771790 -6.624654 0.048920 0.988695 -0.141737
-4.395165 43.552021 -11.587719 -0.025005 0.960253 -0.278010
-9.404197 44.816883 -8.382802 -0.211207 0.950576 -0.227591
-4.257669 42.068150 -15.937641 -0.046630 0.921567 -0.385408
-8.843085 42.014156 -12.732550 -0.159163 0.928306 -0.336028
-13.447145 42.495590 -9.456673 -0.359792 0.923834 -0.130689
-4.046261 39.823116 -19.480993 -0.091174 0.772782 -0.628089
-8.739740 41.234936 -17.215174 -0.199892 0.818884 -0.538025
-13.215821 41.472958 -14.100148 -0.326166 0.855001 -0.403224
-17.133299 40.735481 -10.489786 -0.638014 0.732642 -0.237011
-3.821107 37.369244 -22.314110 -0.138718 0.573927 -0.807072
-8.073760 37.823788 -20.061428 -0.226200 0.672809 -0.704387
-12.393251 38.572422 -17.620136 -0.425155 0.636728 -0.643290
-16.462021 38.779419 -14.623922 -0.647423 0.562637 -0.514085
-18.944038 36.299534 -10.610388 -0.707095 0.609534 -0.358448
-3.473798 33.740215 -23.758327 -0.084371 0.236061 -0.968068
-7.583998 35.131397 -22.555876 -0.191617 0.450972 -0.871727
-11.862288 36.485146 -20.898602 -0.443020 0.519208 -0.730860
-15.225060 35.453255 -17.622313 -0.644440 0.359154 -0.675059
-18.805159 35.564255 -14.750912 -0.748069 0.369518 -0.551225
-21.411547 34.415329 -11.254764 -0.830916 0.328812 -0.448845
-3.061409 29.447737 -23.964529 -0.129518 0.037977 -0.990849
-6.942600 31.649521 -23.903568 -0.155553 0.073651 -0.985078
-10.848980 32.837425 -22.661930 -0.455701 0.102056 -0.884263
-14.133506 32.374916 -20.017551 -0.677794 0.059533 -0.732838
-16.940393 31.505693 -17.002478 -0.708410 0.079624 -0.701295
-19.550961 30.862598 -14.028203 -0.800800 0.042960 -0.597388
-21.634190 29.891714 -10.868611 -0.867362 0.031059 -0.496708
-2.773136 26.055910 -24.314198 -0.162443 -0.140985 -0.976594
-5.994468 26.687515 -23.406469 -0.259200 -0.157882 -0.952832
-9.551119 28.201071 -22.965849 -0.369658 -0.156282 -0.915931
-12.321814 27.540234 -20.541536 -0.607654 -0.051118 -0.792555
-15.239994 27.628904 -18.516636 -0.633122 -0.033999 -0.773305
-18.038561 27.720743 -16.294670 -0.732119 -0.045736 -0.679640
-20.155853 27.066170 -13.513373 -0.817757 -0.060931 -0.572329
-21.675213 25.987648 -10.517185 -0.877736 -0.133734 -0.460103
-7.757384 45.862625 2.672623 -0.116835 0.989953 0.079642
-12.291797 44.206154 1.022872 -0.423094 0.906025 -0.010524
-10.502754 44.394222 6.699928 -0.290301 0.949107 0.122155
-16.434439 42.666519 -0.474191 -0.407874 0.905535 -0.116812
-14.640928 42.217308 4.907950 -0.382901 0.918150 0.101920
-13.046497 43.044376 10.408063 -0.478339 0.844446 0.241044
-19.537811 39.889000 -1.767265 -0.733256 0.673063 -0.096549
-18.863213 41.368988 3.411709 -0.609270 0.791972 0.039629
-17.096045 41.173668 8.559870 -0.471926 0.824014 0.313507
-14.482455 39.357876 13.013102 -0.537277 0.708498 0.457563
-21.614386 36.504749 -2.789514 -0.757069 0.653214 -0.012568
-20.990118 37.273964 1.859679 -0.790257 0.611725 -0.035863
-20.631470 39.166012 6.853330 -0.783902 0.595962 0.174147
-18.546101 38.416016 11.440280 -0.628792 0.589137 0.507482
-16.168413 37.432068 15.615789 -0.607664 0.555622 0.567476
-23.718956 34.203327 -3.681780 -0.928423 0.349180 -0.126901
-23.635534 35.297546 0.652343 -0.842025 0.539436 0.001859
-22.648787 35.516792 5.094519 -0.863622 0.484591 0.139026
-21.384274 35.770580 9.526897 -0.820180 0.344297 0.456907
-18.771328 34.129257 13.189054 -0.782615 0.359550 0.508171
-16.832565 33.985905 17.083714 -0.654705 0.324005 0.682922
-24.155727 30.312788 -4.208150 -0.993103 0.037254 -0.111165
-24.379063 31.357492 -0.374798 -0.995469 0.067134 -0.067343
-24.276556 32.362740 3.668920 -0.970895 0.186271 0.150551
-23.268951 32.562786 7.707997 -0.924027 0.172366 0.341267
-21.237221 31.659592 11.320630 -0.841582 0.181256 0.508808
-19.519337 31.517124 14.976220 -0.827867 0.230880 0.511205
-16.987453 30.313490 17.873060 -0.632851 0.078358 0.770299
-23.934011 26.304911 -4.515018 -0.981478 -0.153158 -0.115076
-23.718115 26.551210 -1.122108 -0.995316 -0.095099 -0.017391
-24.747181 28.460207 2.414046 -0.991807 -0.119349 0.045552
-23.714642 28.305494 5.935765 -0.959251 -0.096492 0.265567
-22.626514 28.351494 9.416500 -0.911186 -0.051261 0.408793
-20.735662 27.636511 12.492043 -0.875206 -0.059970 0.480020
-19.341068 27.828873 15.831158 -0.782291 -0.104025 0.614166
-16.095276 25.468596 17.425900 -0.600811 -0.192008 0.775989
0.418409 43.570747 8.186542 0.018412 0.998899 0.043144
-2.584494 44.701584 12.553916 0.003134 0.967364 0.253372
3.416160 44.624134 12.532366 0.080302 0.934427 0.346982
-5.215273 42.361530 15.781458 -0.026542 0.898249 0.438684
0.418411 41.800182 15.695540 0.081026 0.906810 0.413678
5.898668 41.196484 15.351671 0.136742 0.921411 0.363736
-7.608723 40.733902 18.832977 -0.258391 0.727137 0.636007
-2.314898 41.452602 19.443676 -0.022827 0.821367 0.569942
3.141712 41.299297 19.372480 0.064369 0.846866 0.527897
8.511085 41.069901 18.986740 0.301580 0.806606 0.508366
-9.338853 37.601524 20.702892 -0.395782 0.628338 0.669737
-4.569553 38.263992 21.498398 -0.075146 0.597111 0.798631
0.418411 37.844326 21.410376 0.060815 0.524470 0.849254
5.339489 37.745274 21.210114 0.117995 0.450435 0.884978
10.098618 37.301258 20.539389 0.276720 0.495361 0.823434
-10.875646 35.210644 22.467430 -0.552575 0.287874 0.782170
-6.483541 35.694912 23.348822 -0.156307 0.460652 0.873709
-1.867125 35.363705 23.425142 0.082131 0.480507 0.873137
2.670403 34.838535 23.081339 0.131704 0.427654 0.894296
7.033277 34.192791 22.377632 0.173679 0.453504 0.874168
11.231700 33.693977 21.511030 0.426021 0.281453 0.859820
-11.043790 29.922417 21.804457 -0.546662 0.013646 0.837242
-7.685648 31.642803 23.692623 -0.320572 0.061726 0.945211
-3.765100 32.598663 24.810747 -0.079547 0.152765 0.985056
0.418412 31.907982 24.427597 0.083526 0.241208 0.966872
4.481790 31.650539 24.098276 0.131535 0.256191 0.957635
8.591715 31.916740 23.895056 0.263270 0.241306 0.934056
11.918477 30.022636 21.876480 0.616406 0.046350 0.786063
-11.093083 25.580418 21.188766 -0.522871 -0.230465 0.820665
-8.557523 27.936691 23.784021 -0.384878 -0.134805 0.913070
-4.967747 27.904886 24.218645 -0.187851 -0.124821 0.974234
-1.403711 28.303896 24.797371 -0.035721 -0.081808 0.996008
2.251700 28.479864 24.949291 0.096024 -0.043462 0.994430
5.718202 27.450710 23.830284 0.164860 -0.084388 0.982700
9.344699 27.779850 23.652466 0.368736 -0.152189 0.916991
11.945689 25.616066 21.217821 0.562272 -0.161361 0.811057
8.394153 44.730198 2.607226 0.199095 0.976714 0.079947
11.091538 43.376465 6.547760 0.227730 0.971447 0.066557
12.814062 43.101784 0.997555 0.333412 0.942592 0.018903
13.809203 42.805138 10.350768 0.435716 0.821112 0.368683
15.688655 42.814419 4.976683 0.396363 0.917333 0.037352
16.767670 41.379089 -0.460025 0.388174 0.921183 -0.027265
15.058627 38.662102 12.785471 0.466866 0.761615 0.449420
17.529106 40.214859 8.362539 0.559693 0.757348 0.336403
19.340591 40.590015 3.348106 0.492882 0.860796 0.126872
20.523447 40.189594 -1.780448 0.560354 0.827561 -0.033851
16.803158 36.970947 15.425545 0.548059 0.744110 0.382011
19.248407 38.140568 11.359133 0.563076 0.706407 0.428875
20.960371 38.210873 6.687962 0.712272 0.652378 0.258983
22.773268 38.940102 1.941879 0.816827 0.572624 0.069969
22.349854 36.334911 -2.776686 0.869893 0.481423 -0.107320
17.982862 34.611080 17.394150 0.733173 0.277979 0.620633
19.846821 34.558945 13.353089 0.743508 0.405437 0.531805
22.173313 35.691280 9.506017 0.843106 0.450244 0.294027
22.944328 34.673569 4.974971 0.933313 0.304288 0.190617
24.205545 34.901398 0.645103 0.940962 0.333404 0.058574
24.269489 33.792694 -3.638117 0.912690 0.390541 -0.120310
17.864500 30.384510 17.914362 0.644972 -0.000476 0.764206
19.922503 30.822514 14.650477 0.807622 0.090306 0.582744
22.652386 32.516277 11.622962 0.863457 0.143079 0.483705
23.632858 31.904327 7.554105 0.968038 0.179067 0.175604
24.098639 31.015732 3.518156 0.970492 0.177405 0.163317
25.189299 31.323427 -0.374402 0.994503 0.083033 0.063788
24.993052 30.313417 -4.208242 0.991620 0.069009 -0.109216
17.185944 25.866526 17.693762 0.630158 -0.214424 0.746273
19.639660 27.059441 15.399926 0.790001 -0.151260 0.594153
21.648886 27.737839 12.537156 0.832552 -0.095937 0.545576
23.041872 27.825327 9.244278 0.940705 -0.056248 0.334529
24.484285 28.225538 5.919236 0.982138 -0.049440 0.181553
24.668898 27.410086 2.326257 0.989551 -0.063355 0.129518
24.572792 26.571163 -1.122944 0.995822 -0.089500 0.018106
24.916862 26.465164 -4.542098 0.963927 -0.207340 -0.166900
5.469864 45.852581 -6.936591 0.037005 0.988753 -0.144909
10.077175 44.062363 -8.242981 0.273824 0.936772 -0.217894
5.279150 43.982899 -11.701271 0.058276 0.944491 -0.323328
14.358207 42.725372 -9.507312 0.402579 0.873379 -0.274115
9.743553 42.305775 -12.820059 0.267559 0.906887 -0.325528
5.180855 42.852890 -16.232018 0.045774 0.900836 -0.431740
17.567396 39.791218 -10.249104 0.508205 0.781918 -0.361014
13.762324 40.580959 -13.799915 0.412633 0.828164 -0.379313
9.553925 41.131992 -17.172626 0.282083 0.806319 -0.519884
4.885399 39.844044 -19.491123 0.087406 0.742008 -0.664669
20.288944 37.263058 -10.888819 0.746233 0.488538 -0.452181
17.146595 38.425922 -14.492039 0.604325 0.672235 -0.427657
13.331270 38.880421 -17.759321 0.411423 0.648041 -0.640916
8.966450 38.075401 -20.193419 0.304817 0.629175 -0.715000
4.658410 37.373566 -22.316666 0.094632 0.566875 -0.818350
21.712622 33.560455 -10.978559 0.799001 0.397038 -0.451617
19.300699 34.925457 -14.489041 0.797177 0.334615 -0.502534
16.377007 36.175873 -17.977310 0.587522 0.379636 -0.714629
12.234760 35.089783 -20.108402 0.482631 0.469835 -0.739136
8.522863 35.584736 -22.843513 0.268771 0.469713 -0.840911
4.271924 33.400654 -23.522156 0.053992 0.280209 -0.958419
23.400013 31.168583 -11.326476 0.869112 0.084509 -0.487342
20.599367 31.194042 -14.176847 0.802701 0.128635 -0.582343
18.144934 32.181961 -17.362656 0.733527 0.157815 -0.661085
14.813783 32.022144 -19.802217 0.565171 0.211277 -0.797461
11.719291 32.936275 -22.729294 0.524270 0.199613 -0.827826
7.799207 31.735729 -23.967833 0.154777 0.031964 -0.987432
3.977111 30.124773 -24.507788 0.169394 0.070665 -0.983012
21.937628 25.301134 -10.243758 0.892850 -0.201900 -0.402560
20.445204 26.334824 -13.153796 0.858678 -0.085174 -0.505388
19.015648 27.934605 -16.418510 0.791741 -0.090014 -0.604188
16.785131 28.897646 -19.354254 0.620813 -0.076928 -0.780175
13.433436 28.143295 -20.984617 0.554394 -0.083054 -0.828100
10.314496 27.990250 -22.796673 0.276601 -0.165070 -0.946702
6.562069 25.549599 -22.423857 0.336996 -0.115226 -0.934429
3.657298 26.448627 -24.674871 0.246114 -0.105444 -0.963488
0.418409 12.036458 -19.241644 0.136647 -0.370976 -0.918534
1.599005 8.236701 -18.001560 0.085337 -0.166903 -0.982273
-0.801261 8.523161 -18.597363 -0.104956 -0.298892 -0.948497
2.738588 4.411855 -18.038502 0.287817 -0.144433 -0.946731
0.418409 4.184338 -17.201633 -0.312761 -0.245973 -0.917430
-1.693428 3.978115 -16.418711 -0.128806 -0.228115 -0.965077
3.484030 -0.412804 -16.070555 0.686252 -0.161217 -0.709272
1.494393 -0.412444 -17.102285 -0.247572 -0.220069 -0.943545
-0.508744 -0.413269 -14.736670 -0.130820 -0.287401 -0.948834
-2.878104 -0.412382 -17.280928 -0.237689 0.044965 -0.970300
-18.320692 12.327756 -6.084256 -0.937468 -0.251916 -0.240194
-17.867062 9.020987 -7.292471 -0.882638 -0.392114 -0.259222
-17.804634 8.595455 -4.624367 -0.899168 -0.379069 -0.218641
-14.791245 4.046983 -7.197329 -0.959259 -0.192386 -0.206907
-14.481117 3.769348 -4.839687 -0.933553 -0.292275 -0.207495
-16.552557 4.162907 -3.196300 -0.892409 -0.293939 -0.342353
-14.503380 -0.415548 -8.203321 -0.904429 -0.077054 -0.419609
-15.018180 -0.416278 -6.111776 -0.998008 0.044188 0.045017
-14.473042 -0.417076 -3.823474 -0.917566 -0.169475 -0.359654
-15.419756 -0.417712 -2.000824 -0.947883 -0.316644 -0.035425
-11.112500 12.264537 15.875364 -0.592153 -0.235634 0.770605
-11.730971 8.683655 14.610377 -0.704725 -0.307135 0.639555
-10.032069 8.963764 16.567327 -0.426778 -0.316343 0.847223
-11.019941 3.998407 12.127459 -0.657592 -0.302729 0.689875
-9.580330 4.122824 13.744732 -0.520247 -0.296944 0.800729
-7.218291 3.796887 13.982835 -0.308880 -0.336009 0.889770
-10.767362 -0.422074 10.504139 -0.677081 -0.345778 0.649614
-9.913979 -0.422767 12.489714 -0.769944 -0.165623 0.616243
-8.334144 -0.423222 13.793835 -0.195173 -0.097733 0.975887
-5.853068 -0.423059 13.327573 -0.364665 -0.317752 0.875245
12.071230 12.398623 16.043198 0.554920 -0.268946 0.787230
10.871063 8.965714 16.570765 0.540024 -0.255264 0.802006
12.330222 8.505670 14.324681 0.741317 -0.311940 0.594259
8.488030 4.037197 14.758549 0.328116 -0.347737 0.878305
10.378131 4.104415 13.709954 0.679972 -0.267264 0.682795
12.047509 4.072062 12.329695 0.689549 -0.279755 0.668026
6.588007 -0.422984 13.111056 0.094931 -0.416598 0.904121
9.772557 -0.423552 14.739775 0.458828 -0.039929 0.887627
10.314210 -0.422583 11.961964 0.756256 -0.233248 0.611288
11.952652 -0.422188 10.831370 0.636612 -0.218794 0.739496
19.858971 12.804887 -6.312012 0.893216 -0.365796 -0.261456
17.965271 8.260985 -4.452779 0.889516 -0.399112 -0.222420
18.180574 8.750844 -7.083776 0.860483 -0.411136 -0.300890
17.090750 4.082293 -3.140060 0.899263 -0.306846 -0.311724
16.071222 3.981073 -5.084375 0.915478 -0.329328 -0.231176
15.660533 4.056518 -7.212699 0.869038 -0.292834 -0.398773
15.920819 -0.417727 -1.958411 0.936046 -0.337762 -0.098667
15.162768 -0.417089 -3.785710 0.905240 -0.290326 -0.310244
14.903507 -0.416409 -5.735058 0.956343 -0.231337 -0.178581
14.454846 -0.415718 -7.716599 0.832390 -0.210343 -0.512721
-11.115831 -0.414632 -10.831372 -0.754302 -0.241816 -0.610371
-9.477589 -0.414237 -11.962207 -0.642560 -0.290293 -0.709116
-8.935592 -0.413268 -14.739548 -0.362486 0.068434 -0.929473
-5.751436 -0.413836 -13.111588 -0.063294 -0.257376 -0.964236
-12.076977 3.955823 -10.396873 -0.797624 -0.126629 -0.589713
-11.827021 4.506407 -13.075869 -0.665608 -0.214380 -0.714847
-9.387573 4.200154 -13.495168 -0.520544 -0.172855 -0.836155
-7.363673 4.011302 -14.106053 -0.222224 -0.265284 -0.938212
-5.507198 3.883006 -14.838722 -0.393646 -0.409098 -0.823214
-13.018888 7.770489 -9.867883 -0.639384 -0.306843 -0.705008
-12.567817 8.570569 -12.264985 -0.818947 -0.313490 -0.480677
-10.817657 8.567565 -13.605793 -0.603176 -0.310900 -0.734520
-9.654842 9.139731 -15.835595 -0.520496 -0.386853 -0.761202
-7.538050 8.926316 -16.774733 -0.429989 -0.407907 -0.805433
-5.464699 8.786143 -17.785479 -0.197149 -0.380449 -0.903543
-17.309950 13.654663 -11.386610 -0.653428 -0.398996 -0.643300
-15.232549 13.540960 -13.026447 -0.711116 -0.422045 -0.562309
-13.943431 14.204184 -15.331697 -0.621706 -0.389150 -0.679738
-11.877374 14.213141 -16.918589 -0.537220 -0.354319 -0.765410
-9.317415 13.611143 -17.645905 -0.447610 -0.339713 -0.827188
-7.292893 13.827883 -19.292753 -0.319778 -0.341156 -0.883942
-4.518131 12.556342 -18.781525 -0.106811 -0.345619 -0.932276
-19.117157 17.702721 -10.798060 -0.863459 -0.291614 -0.411583
-17.385517 17.958237 -12.933667 -0.710861 -0.313787 -0.629456
-15.956650 18.674208 -15.352758 -0.696760 -0.317808 -0.643057
-13.563142 18.397839 -16.883593 -0.581039 -0.304422 -0.754799
-11.445518 18.592249 -18.700714 -0.499794 -0.348539 -0.792923
-8.976582 18.370928 -19.988789 -0.382767 -0.311632 -0.869698
-6.360221 17.889717 -20.843651 -0.247489 -0.307638 -0.918754
-3.629467 16.890388 -20.925102 -0.290764 -0.343306 -0.893083
-13.618027 -0.421102 7.716598 -0.845879 -0.399884 0.352963
-14.066434 -0.420411 5.734955 -0.901907 -0.371114 0.220995
-14.325942 -0.419731 3.785707 -0.912877 -0.369113 0.174389
-15.083996 -0.419093 1.958410 -0.973857 -0.213746 -0.076904
-15.146914 4.525526 9.816442 -0.801444 -0.247031 0.544668
-15.458488 4.394704 7.444992 -0.934906 -0.249368 0.252520
-16.246977 4.425893 5.416603 -0.935164 -0.287188 0.207342
-16.252048 4.242567 3.206468 -0.961498 -0.273335 -0.028445
-15.460789 3.859734 1.046868 -0.958704 -0.281633 0.039628
-14.323635 8.490043 10.596274 -0.746024 -0.191512 0.637786
-15.750690 8.843087 8.829444 -0.860545 -0.266468 0.434115
-16.505251 8.838798 6.684802 -0.923519 -0.272433 0.269988
-17.339804 8.912769 4.581155 -0.957752 -0.238923 0.160086
-17.299807 8.566058 2.295288 -0.938849 -0.333272 0.086561
-17.719357 8.486190 0.098134 -0.919978 -0.364417 0.144364
-14.567667 12.502536 12.260367 -0.744158 -0.358552 0.563622
-16.847912 13.562094 10.885862 -0.696990 -0.343314 0.629555
-18.919468 14.436673 9.071839 -0.854124 -0.371714 0.363731
-18.137583 13.220778 6.033967 -0.917450 -0.376971 0.127194
-18.533085 13.005849 3.647392 -0.898898 -0.380532 0.217204
-19.720728 13.410718 1.335926 -0.893596 -0.403143 0.197386
-19.744572 13.065730 -1.149713 -0.918211 -0.391422 0.060636
-15.840502 17.634249 15.197015 -0.679576 -0.390341 0.621137
-17.148371 17.699942 12.764630 -0.785311 -0.373201 0.493972
-18.692440 18.124626 10.527126 -0.759830 -0.303903 0.574718
-20.877949 19.230896 8.446301 -0.882693 -0.340847 0.323538
-21.429396 18.929090 5.609114 -0.904030 -0.382270 0.191308
-21.802166 18.620604 2.800718 -0.916953 -0.359688 0.172691
-22.090584 18.370527 0.010503 -0.933767 -0.353908 0.053179
-21.500982 17.507017 -2.706343 -0.934604 -0.314156 -0.166796
3.715003 -0.424438 17.281328 0.544103 -0.049496 0.837557
1.345562 -0.423551 14.736629 0.033715 -0.412962 0.910124
-0.657574 -0.424376 17.102303 -0.159556 -0.047032 0.986068
-2.647211 -0.424016 16.070559 -0.260486 -0.170477 0.950308
4.353312 3.878930 15.513952 0.460604 -0.282253 0.841533
2.617622 4.449737 17.613293 0.202192 -0.249045 0.947151
0.418412 4.493609 17.785191 0.004550 -0.304856 0.952387
-1.591000 4.029603 16.093224 -0.236404 -0.170568 0.956567
-4.061048 4.473649 17.660965 -0.179475 -0.244271 0.952953
6.087086 8.728977 17.765684 0.162926 -0.310579 0.936480
3.847803 8.926208 18.277313 0.273040 -0.355606 0.893864
1.569012 9.046591 18.579048 0.115054 -0.250186 0.961337
-0.795695 9.569015 19.604527 -0.131272 -0.296384 0.946004
-2.844477 8.472512 17.389921 -0.157141 -0.292488 0.943269
-5.180169 8.615869 17.546015 -0.282655 -0.230494 0.931117
7.354636 12.337150 17.816200 0.370002 -0.275297 0.887305
5.391626 13.448493 19.632101 0.336385 -0.339085 0.878559
3.023744 14.197742 20.863327 0.079781 -0.342831 0.936003
0.418412 13.248986 19.562788 0.043850 -0.299968 0.952941
-2.140936 13.939764 20.495089 -0.158174 -0.335189 0.928778
-4.477795 13.233772 19.328106 -0.217357 -0.391611 0.894090
-6.644112 12.569410 18.140608 -0.304853 -0.373660 0.876038
9.677173 17.317991 19.812294 0.390784 -0.399767 0.829140
7.347605 18.301689 21.345123 0.279895 -0.367629 0.886853
4.505900 18.063526 21.366787 0.194712 -0.319323 0.927427
1.833164 18.808641 22.383118 0.023594 -0.335312 0.941812
-0.987578 18.689569 22.244497 -0.029010 -0.350671 0.936049
-3.696049 18.185482 21.507782 -0.161789 -0.332867 0.928991
-6.629813 18.623268 21.711798 -0.213474 -0.343608 0.914528
-9.045267 17.710535 20.250786 -0.507701 -0.334004 0.794154
16.256531 -0.419108 2.000819 0.973340 -0.114053 0.198999
15.309866 -0.419744 3.823475 0.991581 -0.126275 0.028668
15.855001 -0.420542 6.111776 0.992476 -0.116217 0.038527
15.340203 -0.421272 8.203323 0.881808 -0.153043 0.446086
16.979050 4.043327 1.091792 0.932871 -0.304266 0.192807
15.947834 3.923539 2.986995 0.940152 -0.273478 0.203286
16.333862 4.207903 5.172857 0.975033 -0.208091 0.077520
16.112576 4.339308 7.359303 0.978821 -0.162818 0.124097
15.472908 4.363274 9.494281 0.718447 -0.254410 0.647386
18.958155 8.683536 0.100306 0.938302 -0.344645 0.028432
18.596607 8.799302 2.354873 0.895705 -0.403890 0.185974
18.664459 9.169104 4.707001 0.874123 -0.362472 0.323299
16.602106 8.434037 6.392515 0.933477 -0.307337 0.184838
17.696287 9.478184 9.434909 0.874602 -0.312676 0.370546
15.702665 8.817692 10.986000 0.581363 -0.269819 0.767603
20.072420 12.725351 -1.120695 0.951030 -0.308677 -0.016160
21.231644 13.873604 1.380638 0.927636 -0.373150 -0.015816
20.384609 13.724612 3.842678 0.876988 -0.349053 0.330233
19.105473 13.317119 6.076585 0.891247 -0.373001 0.257971
19.791155 14.463457 9.088192 0.877382 -0.385856 0.285160
17.527586 13.434855 10.786784 0.638931 -0.265491 0.721998
15.570827 12.645950 12.396447 0.713151 -0.317779 0.624846
21.426996 16.762171 -2.593892 0.960865 -0.276422 0.018159
22.021967 17.614731 0.010076 0.924785 -0.348218 -0.153355
23.294184 19.181993 2.883296 0.928503 -0.298053 0.221464
21.267729 18.044872 5.352763 0.905590 -0.330469 0.265890
21.889814 19.392405 8.515719 0.926455 -0.332872 0.175718
20.353348 18.924232 10.981067 0.691129 -0.305589 0.654947
17.299879 16.993113 12.266656 0.720443 -0.325240 0.612520
16.258900 17.169662 14.805916 0.763923 -0.343177 0.546490
6.690060 -0.413761 -13.327941 0.186322 -0.437941 -0.879484
9.171741 -0.413598 -13.793052 0.496123 -0.196655 -0.845688
10.750797 -0.414053 -12.489717 0.612310 -0.208781 -0.762553
11.604177 -0.414746 -10.504139 0.778526 -0.376681 -0.502004
6.805693 4.218139 -15.994840 0.170155 -0.368631 -0.913870
8.921424 4.421670 -15.412842 0.469104 -0.312992 -0.825819
10.139812 4.160316 -13.378769 0.547444 -0.245436 -0.800042
12.538679 4.456071 -12.942225 0.657940 -0.304227 -0.688884
13.659302 4.216802 -11.017179 0.800469 -0.315610 -0.509548
6.221116 8.660351 -17.542421 0.163001 -0.320789 -0.933019
8.460542 9.026941 -16.955366 0.343366 -0.308884 -0.886956
10.383496 9.037099 -15.665556 0.578450 -0.331623 -0.745266
12.578885 9.306856 -14.725166 0.537268 -0.302052 -0.787469
13.897569 8.911773 -12.730545 0.749412 -0.291517 -0.594474
15.297307 8.649019 -10.926548 0.769545 -0.360576 -0.527054
5.370831 12.598086 -18.841955 0.090243 -0.335446 -0.937727
7.820048 13.255796 -18.518017 0.239395 -0.351424 -0.905092
10.624316 14.288542 -18.497917 0.446900 -0.360711 -0.818638
12.169851 13.565397 -16.169598 0.610433 -0.323440 -0.723020
14.290525 13.705566 -14.808903 0.631947 -0.300386 -0.714431
16.105627 13.573304 -13.056629 0.662634 -0.320754 -0.676781
18.067173 13.591483 -11.335493 0.725810 -0.354934 -0.589255
4.363369 16.450323 -20.393091 0.154942 -0.404644 -0.901253
7.382341 18.390196 -21.413441 0.240838 -0.354102 -0.903664
9.841955 18.428036 -20.049543 0.337760 -0.322292 -0.884334
12.552773 19.025593 -19.126993 0.604553 -0.328443 -0.725700
14.242743 18.186255 -16.693743 0.643428 -0.329448 -0.690988
16.212072 17.996326 -14.807662 0.642030 -0.334070 -0.690069
17.947214 17.674267 -12.733810 0.689420 -0.322705 -0.648507
19.866625 17.621698 -10.749784 0.834304 -0.283435 -0.472865

3000

0 6 15
6 7 146
6 146 15
15 146 16
7 8 147
7 147 146
146 147 148
146 148 16
16 148 17
8 9 149
8 149 147
147 149 150
147 150 148
148 150 151
148 151 17
17 151 18
9 10 152
9 152 149
149 152 153
149 153 150
150 153 154
150 154 151
151 154 155
151 155 18
18 155 19
10 11 156
10 156 152
152 156 157
152 157 153
153 157 158
153 158 154
154 158 159
154 159 155
155 159 160
155 160 19
19 160 20
11 12 161
11 161 156
156 161 162
156 162 157
157 162 163
157 163 158
158 163 164
158 164 159
159 164 165
159 165 160
160 165 166
160 166 20
20 166 21
12 13 167
12 167 161
161 167 168
161 168 162
162 168 169
162 169 163
163 169 170
163 170 164
164 170 171
164 171 165
165 171 172
165 172 166
166 172 173
166 173 21
21 173 22
13 14 174
13 174 167
167 174 175
167 175 168
168 175 176
168 176 169
169 176 177
169 177 170
170 177 178
170 178 171
171 178 179
171 179 172
172 179 180
172 180 173
173 180 181
173 181 22
22 181 23
14 1 51
14 51 174
174 51 52
174 52 175
175 52 53
175 53 176
176 53 54
176 54 177
177 54 55
177 55 178
178 55 56
178 56 179
179 56 57
179 57 180
180 57 58
180 58 181
181 58 59
181 59 23
23 59 2
0 15 24
15 16 182
15 182 24
24 182 25
16 17 183
16 183 182
182 183 184
182 184 25
25 184 26
17 18 185
17 185 183
183 185 186
183 186 184
184 186 187
184 187 26
26 187 27
18 19 188
18 188 185
185 188 189
185 189 186
186 189 190
186 190 187
187 190 191
187 191 27
27 191 28
19 20 192
19 192 188
188 192 193
188 193 189
189 193 194
189 194 190
190 194 195
190 195 191
191 195 196
191 196 28
28 196 29
20 21 197
20 197 192
192 197 198
192 198 193
193 198 199
193 199 194
194 199 200
194 200 195
195 200 201
195 201 196
196 201 202
196 202 29
29 202 30
21 22 203
21 203 197
197 203 204
197 204 198
198 204 205
198 205 199
199 205 206
199 206 200
200 206 207
200 207 201
201 207 208
201 208 202
202 208 209
202 209 30
30 209 31
22 23 210
22 210 203
203 210 211
203 211 204
204 211 212
204 212 205
205 212 213
205 213 206
206 213 214
206 214 207
207 214 215
207 215 208
208 215 216
208 216 209
209 216 217
209 217 31
31 217 32
23 2 60
23 60 210
210 60 61
210 61 211
211 61 62
211 62 212
212 62 63
212 63 213
213 63 64
213 64 214
214 64 65
214 65 215
215 65 66
215 66 216
216 66 67
216 67 217
217 67 68
217 68 32
32 68 3
0 24 33
24 25 218
24 218 33
33 218 34
25 26 219
25 219 218
218 219 220
218 220 34
34 220 35
26 27 221
26 221 219
219 221 222
219 222 220
220 222 223
220 223 35
35 223 36
27 28 224
27 224 221
221 224 225
221 225 222
222 225 226
222 226 223
223 226 227
223 227 36
36 227 37
28 29 228
28 228 224
224 228 229
224 229 225
225 229 230
225 230 226
226 230 231
226 231 227
227 231 232
227 232 37
37 232 38
29 30 233
29 233 228
228 233 234
228 234 229
229 234 235
229 235 230
230 235 236
230 236 231
231 236 237
231 237 232
232 237 238
232 238 38
38 238 39
30 31 239
30 239 233
233 239 240
233 240 234
234 240 241
234 241 235
235 241 242
235 242 236
236 242 243
236 243 237
237 243 244
237 244 238
238 244 245
238 245 39
39 245 40
31 32 246
31 246 239
239 246 247
239 247 240
240 247 248
240 248 241
241 248 249
241 249 242
242 249 250
242 250 243
243 250 251
243 251 244
244 251 252
244 252 245
245 252 253
245 253 40
40 253 41
32 3 69
32 69 246
246 69 70
246 70 247
247 70 71
247 71 248
248 71 72
248 72 249
249 72 73
249 73 250
250 73 74
250 74 251
251 74 75
251 75 252
252 75 76
252 76 253
253 76 77
253 77 41
41 77 4
0 33 42
33 34 254
33 254 42
42 254 43
34 35 255
34 255 254
254 255 256
254 256 43
43 256 44
35 36 257
35 257 255
255 257 258
255 258 256
256 258 259
256 259 44
44 259 45
36 37 260
36 260 257
257 260 261
257 261 258
258 261 262
258 262 259
259 262 263
259 263 45
45 263 46
37 38 264
37 264 260
260 264 265
260 265 261
261 265 266
261 266 262
262 266 267
262 267 263
263 267 268
263 268 46
46 268 47
38 39 269
38 269 264
264 269 270
264 270 265
265 270 271
265 271 266
266 271 272
266 272 267
267 272 273
267 273 268
268 273 274
268 274 47
47 274 48
39 40 275
39 275 269
269 275 276
269 276 270
270 276 277
270 277 271
271 277 278
271 278 272
272 278 279
272 279 273
273 279 280
273 280 274
274 280 281
274 281 48
48 281 49
40 41 282
40 282 275
275 282 283
275 283 276
276 283 284
276 284 277
277 284 285
277 285 278
278 285 286
278 286 279
279 286 287
279 287 280
280 287 288
280 288 281
281 288 289
281 289 49
49 289 50
41 4 78
41 78 282
282 78 79
282 79 283
283 79 80
283 80 284
284 80 81
284 81 285
285 81 82
285 82 286
286 82 83
286 83 287
287 83 84
287 84 288
288 84 85
288 85 289
289 85 86
289 86 50
50 86 5
0 42 6
42 43 290
42 290 6
6 290 7
43 44 291
43 291 290
290 291 292
290 292 7
7 292 8
44 45 293
44 293 291
291 293 294
291 294 292
292 294 295
292 295 8
8 295 9
45 46 296
45 296 293
293 296 297
293 297 294
294 297 298
294 298 295
295 298 299
295 299 9
9 299 10
46 47 300
46 300 296
296 300 301
296 301 297
297 301 302
297 302 298
298 302 303
298 303 299
299 303 304
299 304 10
10 304 11
47 48 305
47 305 300
300 305 306
300 306 301
301 306 307
301 307 302
302 307 308
302 308 303
303 308 309
303 309 304
304 309 310
304 310 11
11 310 12
48 49 311
48 311 305
305 311 312
305 312 306
306 312 313
306 313 307
307 313 314
307 314 308
308 314 315
308 315 309
309 315 316
309 316 310
310 316 317
310 317 12
12 317 13
49 50 318
49 318 311
311 318 319
311 319 312
312 319 320
312 320 313
313 320 321
313 321 314
314 321 322
314 322 315
315 322 323
315 323 316
316 323 324
316 324 317
317 324 325
317 325 13
13 325 14
50 5 87
50 87 318
318 87 88
318 88 319
319 88 89
319 89 320
320 89 90
320 90 321
321 90 91
321 91 322
322 91 92
322 92 323
323 92 93
323 93 324
324 93 94
324 94 325
325 94 95
325 95 14
14 95 1
1 121 96
121 122 326
121 326 96
96 326 97
122 123 327
122 327 326
326 327 328
326 328 97
97 328 98
123 124 329
123 329 327
327 329 330
327 330 328
328 330 331
328 331 98
98 331 99
124 125 332
124 332 329
329 332 333
329 333 330
330 333 334
330 334 331
331 334 335
331 335 99
99 335 100
2 126 101
126 127 336
126 336 101
101 336 102
127 128 337
127 337 336
336 337 338
336 338 102
102 338 103
128 129 339
128 339 337
337 339 340
337 340 338
338 340 341
338 341 103
103 341 104
129 130 342
129 342 339
339 342 343
339 343 340
340 343 344
340 344 341
341 344 345
341 345 104
104 345 105
3 131 106
131 132 346
131 346 106
106 346 107
132 133 347
132 347 346
346 347 348
346 348 107
107 348 108
133 134 349
133 349 347
347 349 350
347 350 348
348 350 351
348 351 108
108 351 109
134 135 352
134 352 349
349 352 353
349 353 350
350 353 354
350 354 351
351 354 355
351 355 109
109 355 110
4 136 111
136 137 356
136 356 111
111 356 112
137 138 357
137 357 356
356 357 358
356 358 112
112 358 113
138 139 359
138 359 357
357 359 360
357 360 358
358 360 361
358 361 113
113 361 114
139 140 362
139 362 359
359 362 363
359 363 360
360 363 364
360 364 361
361 364 365
361 365 114
114 365 115
5 141 116
141 142 366
141 366 116
116 366 117
142 143 367
142 367 366
366 367 368
366 368 117
117 368 118
143 144 369
143 369 367
367 369 370
367 370 368
368 370 371
368 371 118
118 371 119
144 145 372
144 372 369
369 372 373
369 373 370
370 373 374
370 374 371
371 374 375
371 375 119
119 375 120
130 129 380
130 380 376
376 380 381
376 381 377
377 381 382
377 382 378
378 382 383
378 383 379
379 383 384
379 384 100
100 384 99
129 128 385
129 385 380
380 385 386
380 386 381
381 386 387
381 387 382
382 387 388
382 388 383
383 388 389
383 389 384
384 389 390
384 390 99
99 390 98
128 127 391
128 391 385
385 391 392
385 392 386
386 392 393
386 393 387
387 393 394
387 394 388
388 394 395
388 395 389
389 395 396
389 396 390
390 396 397
390 397 98
98 397 97
127 126 398
127 398 391
391 398 399
391 399 392
392 399 400
392 400 393
393 400 401
393 401 394
394 401 402
394 402 395
395 402 403
395 403 396
396 403 404
396 404 397
397 404 405
397 405 97
97 405 96
126 2 59
126 59 398
398 59 58
398 58 399
399 58 57
399 57 400
400 57 56
400 56 401
401 56 55
401 55 402
402 55 54
402 54 403
403 54 53
403 53 404
404 53 52
404 52 405
405 52 51
405 51 96
96 51 1
135 134 410
135 410 406
406 410 411
406 411 407
407 411 412
407 412 408
408 412 413
408 413 409
409 413 414
409 414 105
105 414 104
134 133 415
134 415 410
410 415 416
410 416 411
411 416 417
411 417 412
412 417 418
412 418 413
413 418 419
413 419 414
414 419 420
414 420 104
104 420 103
133 132 421
133 421 415
415 421 422
415 422 416
416 422 423
416 423 417
417 423 424
417 424 418
418 424 425
418 425 419
419 425 426
419 426 420
420 426 427
420 427 103
103 427 102
132 131 428
132 428 421
421 428 429
421 429 422
422 429 430
422 430 423
423 430 431
423 431 424
424 431 432
424 432 425
425 432 433
425 433 426
426 433 434
426 434 427
427 434 435
427 435 102
102 435 101
131 3 68
131 68 428
428 68 67
428 67 429
429 67 66
429 66 430
430 66 65
430 65 431
431 65 64
431 64 432
432 64 63
432 63 433
433 63 62
433 62 434
434 62 61
434 61 435
435 61 60
435 60 101
101 60 2
140 139 440
140 440 436
436 440 441
436 441 437
437 441 442
437 442 438
438 442 443
438 443 439
439 443 444
439 444 110
110 444 109
139 138 445
139 445 440
440 445 446
440 446 441
441 446 447
441 447 442
442 447 448
442 448 443
443 448 449
443 449 444
444 449 450
444 450 109
109 450 108
138 137 451
138 451 445
445 451 452
445 452 446
446 452 453
446 453 447
447 453 454
447 454 448
448 454 455
448 455 449
449 455 456
449 456 450
450 456 457
450 457 108
108 457 107
137 136 458
137 458 451
451 458 459
451 459 452
452 459 460
452 460 453
453 460 461
453 461 454
454 461 462
454 462 455
455 462 463
455 463 456
456 463 464
456 464 457
457 464 465
457 465 107
107 465 106
136 4 77
136 77 458
458 77 76
458 76 459
459 76 75
459 75 460
460 75 74
460 74 461
461 74 73
461 73 462
462 73 72
462 72 463
463 72 71
463 71 464
464 71 70
464 70 465
465 70 69
465 69 106
106 69 3
145 144 470
145 470 466
466 470 471
466 471 467
467 471 472
467 472 468
468 472 473
468 473 469
469 473 474
469 474 115
115 474 114
144 143 475
144 475 470
470 475 476
470 476 471
471 476 477
471 477 472
472 477 478
472 478 473
473 478 479
473 479 474
474 479 480
474 480 114
114 480 113
143 142 481
143 481 475
475 481 482
475 482 476
476 482 483
476 483 477
477 483 484
477 484 478
478 484 485
478 485 479
479 485 486
479 486 480
480 486 487
480 487 113
113 487 112
142 141 488
142 488 481
481 488 489
481 489 482
482 489 490
482 490 483
483 490 491
483 491 484
484 491 492
484 492 485
485 492 493
485 493 486
486 493 494
486 494 487
487 494 495
487 495 112
112 495 111
141 5 86
141 86 488
488 86 85
488 85 489
489 85 84
489 84 490
490 84 83
490 83 491
491 83 82
491 82 492
492 82 81
492 81 493
493 81 80
493 80 494
494 80 79
494 79 495
495 79 78
495 78 111
111 78 4
125 124 500
125 500 496
496 500 501
496 501 497
497 501 502
497 502 498
498 502 503
498 503 499
499 503 504
499 504 120
120 504 119
124 123 505
124 505 500
500 505 506
500 506 501
501 506 507
501 507 502
502 507 508
502 508 503
503 508 509
503 509 504
504 509 510
504 510 119
119 510 118
123 122 511
123 511 505
505 511 512
505 512 506
506 512 513
506 513 507
507 513 514
507 514 508
508 514 515
508 515 509
509 515 516
509 516 510
510 516 517
510 517 118
118 517 117
122 121 518
122 518 511
511 518 519
511 519 512
512 519 520
512 520 513
513 520 521
513 521 514
514 521 522
514 522 515
515 522 523
515 523 516
516 523 524
516 524 517
517 524 525
517 525 117
117 525 116
121 1 95
121 95 518
518 95 94
518 94 519
519 94 93
519 93 520
520 93 92
520 92 521
521 92 91
521 91 522
522 91 90
522 90 523
523 90 89
523 89 524
524 89 88
524 88 525
525 88 87
525 87 116
116 87 5
