# Simple ASCII Mesh File Format
#
# <Number of vertices>
#
# Px Py Pz ColR ColB ColG
#
# <Number of indices>
#
# <Indices>
#
# Radiosity is encoded in the color channel

1006

552.799988 0.000000 0.000000 0.30344847 0.13918515 0.03209423
491.377777 0.000000 0.000000 0.3047207 0.14884837 0.034541268
429.955566 0.000000 0.000000 0.3180821 0.16595137 0.038836505
368.533295 0.000000 0.000000 0.33648014 0.17957595 0.042256404
307.111115 0.000000 0.000000 0.33578703 0.1823564 0.043029446
245.688873 0.000000 0.000000 0.21896805 0.11722217 0.027099228
184.266647 0.000000 0.000000 0.09482676 0.050691314 0.010090396
122.844437 0.000000 0.000000 0.040612392 0.02939131 0.0028892425
61.422218 0.000000 0.000000 0.080580235 0.061623745 0.00896708
0.000000 0.000000 0.000000 0.20828758 0.14443767 0.027370457
552.444458 0.000000 62.133335 0.3240153 0.14966142 0.034635726
491.061707 0.000000 62.133331 0.3356257 0.16439842 0.03830661
429.679016 0.000000 62.133335 0.3537067 0.18331423 0.043078113
368.296265 0.000000 62.133331 0.3720292 0.19769777 0.046792418
306.913605 0.000000 62.133335 0.30324763 0.16094902 0.03800617
245.530838 0.000000 62.133331 0.102621146 0.048769068 0.010682774
184.148132 0.000000 62.133331 0.027435709 0.013945092 0.0017193297
122.765419 0.000000 62.133335 0.018194566 0.020678826 0.0009424041
61.382710 0.000000 62.133331 0.10218126 0.08464598 0.012423448
0.000000 0.000000 62.133335 0.18381865 0.14001566 0.024033181
552.088867 0.000000 124.266670 0.37221268 0.16796258 0.039035022
490.745667 0.000000 124.266663 0.3782033 0.18258865 0.04268961
429.402466 0.000000 124.266670 0.4045595 0.20769437 0.04901887
368.059235 0.000000 124.266663 0.43168107 0.2277958 0.05424263
306.716064 0.000000 124.266670 0.35900992 0.1886341 0.045063257
245.372818 0.000000 124.266663 0.106203765 0.05346833 0.0126627255
184.029617 0.000000 124.266663 0 0 0
122.686409 0.000000 124.266670 0.010396124 0.02068758 0.0005468761
61.343204 0.000000 124.266663 0.07162778 0.076057784 0.008063604
0.000000 0.000000 124.266670 0.124509 0.112682074 0.01523341
551.733276 0.000000 186.400009 0.3564131 0.1577917 0.036614895
490.429565 0.000000 186.399994 0.34899017 0.16479559 0.038440384
429.125916 0.000000 186.400024 0.40726367 0.20653301 0.048693296
367.822174 0.000000 186.399994 0.46340764 0.24605258 0.058584377
306.518494 0.000000 186.400009 0.43746763 0.2372777 0.05677674
245.214783 0.000000 186.400009 0.204995 0.11317484 0.027173052
183.911087 0.000000 186.400009 0 0 0
122.607391 0.000000 186.400024 0.007823903 0.016149823 0.0004009616
61.303696 0.000000 186.399994 0.09437874 0.08827696 0.01120477
0.000000 0.000000 186.400009 0.19734356 0.16289023 0.025024954
551.377808 0.000000 248.533340 0.21311209 0.0826627 0.018691165
490.113586 0.000000 248.533325 0.20564993 0.08282431 0.018905433
428.849396 0.000000 248.533340 0.23286447 0.10782658 0.025175892
367.585144 0.000000 248.533325 0.29023647 0.1584111 0.037534986
306.320984 0.000000 248.533340 0.41802967 0.23291612 0.05514748
245.056763 0.000000 248.533325 0.31191033 0.18376453 0.041511167
183.792572 0.000000 248.533325 0.21793364 0.14220363 0.02961733
122.528381 0.000000 248.533340 0.28519073 0.19207087 0.03870907
61.264191 0.000000 248.533325 0.3317364 0.23819919 0.044170443
0.000000 0.000000 248.533340 0.36784577 0.2696404 0.04885084
551.022217 0.000000 310.666687 0.090486415 0.018023593 0.0035600627
489.797516 0.000000 310.666687 0.090729244 0.015372496 0.0030110958
428.572815 0.000000 310.666687 0.029770156 0.003808233 0.0007100815
367.348114 0.000000 310.666687 0.050985903 0.028440136 0.0066842823
306.123474 0.000000 310.666687 0.1498051 0.08831619 0.019822737
244.898743 0.000000 310.666687 0.33887857 0.21904106 0.045581665
183.674057 0.000000 310.666687 0.4894836 0.31993186 0.06651592
122.449371 0.000000 310.666687 0.48151496 0.32014108 0.065154664
61.224686 0.000000 310.666687 0.41756502 0.29030034 0.05584732
0.000000 0.000000 310.666687 0.38414684 0.2807409 0.05058281
550.666626 0.000000 372.800018 0.09564368 0.023284223 0.004787118
489.481445 0.000000 372.799988 0.07569128 0.017740848 0.0035864273
428.296295 0.000000 372.800049 0.0242557 0.007439733 0.0015310423
367.111084 0.000000 372.799988 0 0 0
305.925903 0.000000 372.800018 0.10818337 0.073651925 0.014386779
244.740723 0.000000 372.800018 0.39169756 0.2607643 0.05268022
183.555542 0.000000 372.800018 0.4747774 0.31123948 0.06427405
122.370361 0.000000 372.800049 0.4672588 0.3103277 0.062935196
61.185181 0.000000 372.799988 0.41092786 0.28503877 0.054572605
0.000000 0.000000 372.800018 0.37654573 0.27460212 0.049174443
550.311096 0.000000 434.933350 0.109769806 0.034885004 0.0070839664
489.165405 0.000000 434.933350 0.10022497 0.03402967 0.0068205446
428.019714 0.000000 434.933350 0.079730555 0.032753866 0.0065118945
366.874023 0.000000 434.933350 0.06882482 0.033145066 0.0064535723
305.728394 0.000000 434.933350 0.22185013 0.14170755 0.027828066
244.582687 0.000000 434.933350 0.40036803 0.26002717 0.053217497
183.437012 0.000000 434.933380 0.4642599 0.30154955 0.06252466
122.291344 0.000000 434.933350 0.44421852 0.29415318 0.059576534
61.145672 0.000000 434.933350 0.3921714 0.27185825 0.05186431
0.000000 0.000000 434.933350 0.35676277 0.26084143 0.046433352
549.955566 0.000000 497.066681 0.105007686 0.036602948 0.0070239278
488.849365 0.000000 497.066650 0.10997759 0.04183963 0.007817818
427.743195 0.000000 497.066681 0.124420755 0.054529846 0.009982221
366.636993 0.000000 497.066650 0.14164165 0.0744924 0.013374604
305.530853 0.000000 497.066681 0.27250624 0.1668149 0.03321509
244.424667 0.000000 497.066650 0.4041849 0.2537212 0.052931875
183.318497 0.000000 497.066650 0.45250773 0.28904235 0.06036396
122.212334 0.000000 497.066681 0.4213659 0.27652887 0.056141872
61.106167 0.000000 497.066650 0.37209076 0.2565451 0.04901249
0.000000 0.000000 497.066681 0.3373199 0.24561046 0.04374026
549.599976 0.000000 559.200012 0.09193563 0.033691607 0.005969898
488.533325 0.000000 559.200012 0.10189493 0.040776227 0.006993205
427.466644 0.000000 559.200012 0.11546581 0.05331705 0.008830112
366.399963 0.000000 559.200012 0.1737824 0.097625725 0.018149085
305.333344 0.000000 559.200012 0.32039404 0.19448893 0.040260613
244.266647 0.000000 559.200012 0.42143038 0.26281154 0.05550226
183.199982 0.000000 559.200012 0.4350203 0.27718073 0.05787249
122.133324 0.000000 559.200012 0.39863026 0.2612158 0.05290044
61.066662 0.000000 559.200012 0.34838462 0.24346855 0.045592688
0.000000 0.000000 559.200012 0.3208163 0.23744436 0.041268352
556.000000 548.799988 0.000000 0.10094907 0.040386602 0.007668506
556.000000 548.799988 62.133335 0.119842 0.045317993 0.008653836
556.000000 548.799988 124.266670 0.1582026 0.055810854 0.010868084
556.000000 548.799988 186.400009 0.20022456 0.06865629 0.013691985
556.000000 548.799988 248.533340 0.23992778 0.08195164 0.01671083
556.000000 548.799988 310.666687 0.26599014 0.09224412 0.019085476
556.000000 548.799988 372.800018 0.2716745 0.09699298 0.020177979
556.000000 548.799988 434.933350 0.25869206 0.09516245 0.019730844
556.000000 548.799988 497.066681 0.23426072 0.08824712 0.0181086
556.000000 548.799988 559.200012 0.22541307 0.08695652 0.0176033
494.222229 548.799988 0.000000 0.11257912 0.04464933 0.008473953
494.222229 548.799988 62.133331 0.13697436 0.052520897 0.010071396
494.222229 548.799988 124.266663 0.17942251 0.06610878 0.012978848
494.222168 548.799988 186.399994 0.22535647 0.08245501 0.016634893
494.222260 548.800049 248.533325 0.2683129 0.09976256 0.02061549
494.222229 548.799988 310.666687 0.29524228 0.11269343 0.02360802
494.222198 548.799988 372.799988 0.29951465 0.11764691 0.024719017
494.222198 548.799988 434.933350 0.28385082 0.114077054 0.023856193
494.222229 548.799988 497.066650 0.26039663 0.10685492 0.022096343
494.222229 548.799988 559.200012 0.26394856 0.11221449 0.023049446
432.444458 548.799988 0.000000 0.12193005 0.05218149 0.009877696
432.444427 548.799988 62.133335 0.14567949 0.062096257 0.011894209
432.444427 548.799988 124.266670 0.18996082 0.07996332 0.015750658
432.444458 548.799988 186.400024 0.24149288 0.1029939 0.02094124
432.444458 548.799988 248.533340 0.2934956 0.12824568 0.026785776
432.444458 548.799988 310.666687 0.32989296 0.14768328 0.03128778
432.444458 548.800049 372.800049 0.33878708 0.15441419 0.032790005
432.444427 548.799988 434.933350 0.32359427 0.14924951 0.03153064
432.444427 548.799988 497.066681 0.30035535 0.13986664 0.029244995
432.444458 548.799988 559.200012 0.30172688 0.14401303 0.029896159
370.666656 548.799988 0.000000 0.12597825 0.05947927 0.01112537
370.666626 548.799988 62.133331 0.14773212 0.0704796 0.013334069
370.666656 548.799988 124.266663 0.1922203 0.091869205 0.017910106
370.666626 548.799927 186.399994 0.24676065 0.11963047 0.024135787
370.666626 548.799988 248.533325 0.30572492 0.15111265 0.031380937
370.666626 548.799988 310.666687 0.34859255 0.17508009 0.03692021
370.666626 548.799988 372.799988 0.36008778 0.18279581 0.03863257
370.666656 548.799988 434.933350 0.34577453 0.17671624 0.03715567
370.666626 548.799988 497.066650 0.32474744 0.16656321 0.03472117
370.666656 548.799988 559.200012 0.32524914 0.1696976 0.035093833
308.888916 548.799988 0.000000 0.1251872 0.06478719 0.011817453
308.888916 548.800049 62.133335 0.14499186 0.0763003 0.014031669
308.888916 548.799988 124.266670 0.18749692 0.09925704 0.018801786
308.888885 548.799988 186.400009 0.24015611 0.12846036 0.025188
308.888916 548.800049 248.533340 0.29710808 0.16066 0.032471284
308.888916 548.799988 310.666687 0.33900294 0.18503127 0.038020216
308.888885 548.799988 372.800018 0.35094446 0.19305442 0.03978874
308.888916 548.799988 434.933350 0.3402382 0.18804647 0.038609453
308.888916 548.800049 497.066681 0.32522526 0.17993313 0.036747236
308.888916 548.799988 559.200012 0.3229419 0.18111005 0.03662178
247.111099 548.799988 0.000000 0.120590165 0.06787987 0.011902451
247.111099 548.799988 62.133331 0.1380381 0.079345115 0.013945306
247.111084 548.799988 124.266663 0.17552859 0.101794936 0.01831772
247.111084 548.799988 186.400009 0.21998297 0.12845676 0.023836128
247.111115 548.799988 248.533325 0.26645297 0.15625219 0.029852396
247.111099 548.799927 310.666687 0.3003519 0.17697704 0.034397926
247.111099 548.799988 372.800018 0.3120665 0.1848569 0.036128055
247.111084 548.799988 434.933350 0.30768898 0.18268697 0.035733342
247.111099 548.799988 497.066650 0.30061454 0.17812362 0.034871597
247.111099 548.799988 559.200012 0.2963529 0.17751041 0.034330394
185.333328 548.799988 0.000000 0.113749444 0.06931536 0.011548807
185.333313 548.799988 62.133331 0.1274705 0.07978318 0.013150625
185.333328 548.799988 124.266663 0.1584868 0.10083448 0.016781516
185.333313 548.799927 186.400009 0.1921863 0.12337283 0.020951124
185.333313 548.799988 248.533325 0.2256699 0.14516303 0.025248293
185.333313 548.799988 310.666687 0.25056785 0.1613091 0.028578857
185.333313 548.799988 372.800018 0.26177466 0.16856262 0.030225653
185.333328 548.800049 434.933380 0.26327345 0.16892186 0.030632
185.333313 548.799988 497.066650 0.261201 0.16611744 0.030427314
185.333328 548.799988 559.200012 0.2545789 0.163346 0.029484242
123.555550 548.799988 0.000000 0.103538446 0.06803721 0.010622928
123.555550 548.799988 62.133335 0.11472975 0.07816036 0.011887543
123.555542 548.799988 124.266670 0.13913186 0.09774264 0.014653379
123.555542 548.799988 186.400024 0.1643327 0.11735955 0.017678697
123.555557 548.799988 248.533340 0.18785113 0.13470106 0.020592727
123.555550 548.799988 310.666687 0.20524812 0.14685601 0.022876736
123.555550 548.800049 372.800049 0.21496439 0.15264016 0.024304051
123.555542 548.799927 434.933350 0.21786276 0.15280278 0.02495232
123.555550 548.799927 497.066681 0.21676143 0.14927056 0.02491296
123.555550 548.799988 559.200012 0.20812866 0.14419812 0.023695922
61.777775 548.799988 0.000000 0.09176276 0.06436271 0.009406457
61.777775 548.799988 62.133331 0.10048675 0.073431514 0.010315912
61.777771 548.799988 124.266663 0.12020883 0.092108674 0.012433493
61.777771 548.799988 186.399994 0.139505 0.1098938 0.014621088
61.777779 548.800049 248.533325 0.15617386 0.12458528 0.016584998
61.777775 548.799988 310.666687 0.16826703 0.13394006 0.018122418
61.777775 548.799988 372.799988 0.17454052 0.13708523 0.019104268
61.777771 548.799927 434.933350 0.17576115 0.13506176 0.019539012
61.777775 548.799988 497.066650 0.17214009 0.12900473 0.019228954
61.777775 548.799988 559.200012 0.16155969 0.12120587 0.017823901
0.000000 548.799988 0.000000 0.08326027 0.059834756 0.008517383
0.000000 548.799988 62.133335 0.09563083 0.07225552 0.009772359
0.000000 548.799988 124.266670 0.112664014 0.089506775 0.01157817
0.000000 548.799988 186.400009 0.12851135 0.10559932 0.013328642
0.000000 548.799988 248.533340 0.141248 0.117944255 0.0147975115
0.000000 548.799988 310.666687 0.14983791 0.1245542 0.015906544
0.000000 548.799988 372.800018 0.15342647 0.1251178 0.016544107
0.000000 548.799988 434.933350 0.1510326 0.120531194 0.01652251
0.000000 548.799988 497.066681 0.14600047 0.1135237 0.015964756
0.000000 548.799988 559.200012 0.14182201 0.109009825 0.015358514
549.599976 0.000000 559.200012 0.06384551 0.021637801 0.0037159973
488.533325 0.000000 559.200012 0.075107425 0.026484933 0.0045152814
427.466644 0.000000 559.200012 0.090622924 0.03800654 0.006175984
366.399963 0.000000 559.200012 0.124168895 0.06686253 0.011751291
305.333344 0.000000 559.200012 0.21564221 0.13155106 0.025891207
244.266647 0.000000 559.200012 0.30378836 0.19404158 0.039296933
183.199982 0.000000 559.200012 0.33517227 0.21997625 0.04427082
122.133324 0.000000 559.200012 0.31536302 0.21348146 0.04164471
61.066662 0.000000 559.200012 0.28017128 0.19960743 0.036587738
0.000000 0.000000 559.200012 0.24542028 0.18575865 0.031527303
550.311096 60.977776 559.200012 0.08109577 0.02841174 0.005283174
489.165405 60.977776 559.199951 0.0972674 0.03610037 0.006625834
428.019745 60.977776 559.200012 0.10455905 0.045336306 0.00759275
366.874023 60.977776 559.200012 0.15177503 0.08387099 0.015441623
305.728394 60.977779 559.200012 0.24925435 0.1535167 0.030608017
244.582687 60.977776 559.199951 0.3263924 0.21008876 0.042518474
183.437012 60.977776 559.200012 0.33583307 0.2231955 0.044332705
122.291344 60.977776 559.200012 0.31075898 0.2140324 0.040911175
61.145672 60.977776 559.200012 0.26946816 0.19702053 0.034975372
0.000000 60.977776 559.200012 0.24090748 0.18364318 0.030910706
551.022217 121.955551 559.200012 0.14233728 0.05598101 0.011966319
489.797546 121.955551 559.200012 0.16580191 0.06788698 0.014322447
428.572815 121.955551 559.200012 0.15855125 0.07141276 0.013849214
367.348114 121.955551 559.200012 0.18750046 0.10156541 0.01957503
306.123474 121.955559 559.200012 0.2840556 0.1729965 0.03508498
244.898743 121.955551 559.200012 0.35647324 0.22850126 0.046593484
183.674057 121.955551 559.200012 0.34933594 0.23282373 0.046125084
122.449371 121.955551 559.200012 0.31801146 0.22054876 0.041835733
61.224686 121.955551 559.200012 0.27346846 0.20051199 0.035490382
0.000000 121.955551 559.200012 0.24769792 0.18749957 0.03183658
551.733276 182.933334 559.200012 0.25833446 0.110035 0.025013773
490.429565 182.933334 559.199951 0.28769478 0.12757424 0.02874429
429.125916 182.933350 559.200012 0.29539612 0.14404516 0.03143757
367.822174 182.933319 559.200012 0.32001102 0.17465091 0.037279923
306.518494 182.933334 559.200012 0.38563538 0.230364 0.04890512
245.214783 182.933334 559.200012 0.41472292 0.2620681 0.054521743
183.911087 182.933334 559.200012 0.38936988 0.2565755 0.051584866
122.607391 182.933350 559.200012 0.34691086 0.23823036 0.0457361
61.303696 182.933334 559.199951 0.29442754 0.21360466 0.03825243
0.000000 182.933334 559.200012 0.267141 0.19964853 0.034323048
552.444458 243.911102 559.200012 0.3448261 0.14734402 0.03386492
491.061737 243.911102 559.200012 0.3856799 0.17478767 0.04002677
429.679016 243.911102 559.200012 0.43713418 0.21971333 0.049750175
368.296265 243.911102 559.200012 0.47074658 0.25801072 0.057524815
306.913605 243.911118 559.200073 0.4983809 0.29300663 0.06413038
245.530853 243.911102 559.200012 0.48839507 0.30290458 0.06446573
184.148132 243.911102 559.200012 0.44906175 0.29000574 0.05967247
122.765427 243.911102 559.200012 0.39050972 0.26303768 0.051564343
61.382713 243.911102 559.200012 0.32392013 0.23090765 0.042045195
0.000000 243.911102 559.200012 0.2896083 0.21315469 0.03708852
553.155579 304.888885 559.200012 0.38062033 0.1614189 0.03693731
491.693848 304.888916 559.199951 0.42536768 0.19263127 0.04402493
430.232117 304.888916 559.200012 0.49600652 0.24999635 0.056927305
368.770325 304.888885 559.200012 0.5556984 0.30365056 0.068671085
307.308655 304.888916 559.200012 0.5842424 0.33876276 0.07549657
245.846893 304.888885 559.200012 0.5693081 0.34547386 0.075197496
184.385162 304.888885 559.200012 0.5152331 0.32467118 0.06838965
122.923447 304.888916 559.200012 0.43583524 0.2868758 0.057420593
61.461723 304.888916 559.199951 0.34992123 0.24490012 0.04524234
0.000000 304.888885 559.200012 0.30405372 0.22092223 0.03871542
553.866699 365.866669 559.200012 0.39785928 0.16973856 0.038571432
492.325897 365.866669 559.200012 0.4475477 0.20481709 0.04668276
430.785217 365.866699 559.200012 0.53812516 0.27377227 0.0626052
369.244415 365.866638 559.200012 0.62257874 0.3403788 0.077744655
307.703705 365.866669 559.200012 0.6665568 0.3827526 0.086597554
246.162949 365.866669 559.200012 0.6464396 0.38545877 0.085511684
184.622208 365.866669 559.200012 0.5700592 0.35234028 0.07565576
123.081474 365.866699 559.200073 0.4644394 0.30033135 0.06108278
61.540737 365.866669 559.199951 0.35801914 0.24735071 0.046087705
0.000000 365.866669 559.200012 0.29928446 0.21585666 0.03781901
554.577759 426.844452 559.200012 0.38532805 0.16516773 0.03725469
492.958008 426.844421 559.200012 0.4275929 0.19695611 0.044597685
431.338257 426.844421 559.200012 0.527844 0.26968452 0.061538614
369.718506 426.844452 559.200012 0.6227962 0.34014297 0.07778726
308.098785 426.844452 559.200012 0.6704423 0.3827331 0.08692577
246.478973 426.844421 559.200012 0.6438413 0.3805775 0.08486812
184.859253 426.844482 559.200073 0.5541779 0.33946648 0.073156476
123.239487 426.844421 559.200012 0.43677706 0.2804846 0.05697939
61.619743 426.844421 559.200012 0.32514063 0.22397682 0.041332953
0.000000 426.844452 559.200012 0.25821143 0.18654215 0.032033246
555.288879 487.822205 559.200012 0.31127793 0.13117369 0.028906742
493.590118 487.822205 559.200012 0.3377944 0.15213637 0.033526376
431.891357 487.822205 559.200012 0.4182881 0.20901847 0.046612486
370.192566 487.822205 559.199951 0.48926157 0.26255262 0.058779273
308.493866 487.822235 559.200012 0.52086246 0.29374367 0.06526185
246.795044 487.822205 559.199951 0.49364433 0.28995648 0.06297901
185.096283 487.822205 559.199951 0.41877517 0.2567861 0.05341046
123.397522 487.822205 559.200012 0.32619295 0.21148431 0.04092272
61.698761 487.822205 559.200012 0.24053214 0.16836025 0.029226415
0.000000 487.822205 559.200012 0.18247814 0.13430922 0.021291608
556.000000 548.799988 559.200012 0.24205172 0.09746068 0.02042638
494.222229 548.799988 559.200012 0.28529844 0.1251695 0.026523197
432.444458 548.799988 559.200012 0.34055358 0.16644901 0.03576766
370.666656 548.799988 559.200012 0.38286468 0.20243824 0.04358994
308.888916 548.799988 559.200012 0.39221635 0.22013226 0.046737775
247.111099 548.799988 559.200012 0.36128363 0.21362837 0.043813728
185.333328 548.799988 559.200012 0.30219972 0.1891021 0.03648029
123.555550 548.799988 559.200012 0.23600574 0.1582034 0.027854895
61.777775 548.799988 559.200012 0.17489049 0.12686974 0.019858522
0.000000 548.799988 559.200012 0.14286576 0.10749 0.01557174
0.000000 0.000000 559.200012 0.035441257 0.12700962 0
0.000000 0.000000 497.066681 0.036614895 0.12885718 0
0.000000 0.000000 434.933350 0.039419003 0.13734657 0
0.000000 0.000000 372.799988 0.04116983 0.14377233 0
0.000000 0.000000 310.666687 0.040889632 0.14551875 0
0.000000 0.000000 248.533325 0.036688104 0.13529588 0
0.000000 0.000000 186.399994 0.026963245 0.10653492 0
0.000000 0.000000 124.266663 0.020506293 0.08421577 0
0.000000 0.000000 62.133331 0.020416107 0.07672914 0
0.000000 0.000000 0.000000 0.020484649 0.06741815 0
0.000000 60.977776 559.200012 0.034987386 0.12093117 0
0.000000 60.977776 497.066650 0.037073202 0.12532677 0
0.000000 60.977776 434.933350 0.040002055 0.13347974 0
0.000000 60.977776 372.799957 0.04142084 0.13860948 0
0.000000 60.977779 310.666687 0.040293045 0.13764176 0
0.000000 60.977776 248.533310 0.034806028 0.12392365 0
0.000000 60.977776 186.399979 0.026245112 0.09932069 0
0.000000 60.977776 124.266655 0.021834847 0.082685865 0
0.000000 60.977776 62.133327 0.020378986 0.06969095 0
0.000000 60.977776 0.000000 0.019929154 0.0603202 0
0.000000 121.955551 559.200012 0.03594994 0.118900016 0
0.000000 121.955551 497.066681 0.039251022 0.12737826 0
0.000000 121.955551 434.933350 0.04277985 0.13631615 0
0.000000 121.955551 372.799988 0.04461584 0.14163254 0
0.000000 121.955559 310.666687 0.043819323 0.1406511 0
0.000000 121.955551 248.533325 0.039286017 0.12932387 0
0.000000 121.955551 186.399994 0.032753866 0.11012083 0
0.000000 121.955551 124.266663 0.027588813 0.09075659 0
0.000000 121.955551 62.133331 0.024427904 0.07403428 0
0.000000 121.955551 0.000000 0.024113 0.06729189 0.000023366381
0.000000 182.933334 559.200012 0.03903315 0.12575237 0
0.000000 182.933334 497.066650 0.043070592 0.13591658 0
0.000000 182.933350 434.933350 0.04768266 0.14712274 0.000024427112
0.000000 182.933319 372.799988 0.050699964 0.15472329 0.000108208085
0.000000 182.933334 310.666687 0.051337596 0.15592307 0.00014454586
0.000000 182.933334 248.533325 0.04874113 0.14768562 0.00012612036
0.000000 182.933334 186.399994 0.043625005 0.13093987 0.0000879444
0.000000 182.933350 124.266663 0.037554447 0.10983245 0.00007953823
0.000000 182.933334 62.133331 0.03185303 0.08860628 0.000100592784
0.000000 182.933334 0.000000 0.029970799 0.07991341 0.00013081619
0.000000 243.911102 559.200012 0.042903364 0.13456324 0
0.000000 243.911102 497.066681 0.047817476 0.1465865 0
0.000000 243.911102 434.933350 0.054223787 0.16207537 0.00014891695
0.000000 243.911102 372.799988 0.059274632 0.17462373 0.00028282206
0.000000 243.911118 310.666687 0.06183035 0.18034169 0.00037144634
0.000000 243.911102 248.533325 0.060764797 0.17525363 0.00040238313
0.000000 243.911102 186.399994 0.055567723 0.1581342 0.00037364106
0.000000 243.911102 124.266663 0.04758734 0.13227837 0.00030897203
0.000000 243.911102 62.133331 0.03895255 0.10465987 0.00024599623
0.000000 243.911102 0.000000 0.035007883 0.0918094 0.00022769853
0.000000 304.888885 559.200012 0.04632127 0.1415765 0
0.000000 304.888916 497.066650 0.051966425 0.15515053 0.00001529607
0.000000 304.888916 434.933350 0.06058827 0.17633094 0.00026275788
0.000000 304.888885 372.799988 0.06804381 0.19543043 0.0004505413
0.000000 304.888916 310.666687 0.072341084 0.20587839 0.0005806675
0.000000 304.888885 248.533325 0.071367405 0.2011508 0.0006239056
0.000000 304.888885 186.399994 0.064728856 0.18006352 0.0005704776
0.000000 304.888916 124.266663 0.05448709 0.14838327 0.00045410206
0.000000 304.888916 62.133331 0.04332587 0.11485878 0.00033227823
0.000000 304.888885 0.000000 0.03752067 0.09757503 0.00027414243
0.000000 365.866669 559.200012 0.04761784 0.1427866 0
0.000000 365.866669 497.066650 0.05352357 0.15694278 0.000043288263
0.000000 365.866699 434.933380 0.06428095 0.18412097 0.0003286665
0.000000 365.866638 372.799988 0.07422002 0.21044025 0.000563801
0.000000 365.866669 310.666687 0.08018366 0.22589463 0.0007267579
0.000000 365.866669 248.533325 0.07890505 0.22056808 0.00076425227
0.000000 365.866669 186.399994 0.070244245 0.1939022 0.00067027204
0.000000 365.866699 124.266663 0.057466436 0.15546438 0.00050468836
0.000000 365.866669 62.133331 0.04424792 0.1165529 0.0003429874
0.000000 365.866669 0.000000 0.036960974 0.09538153 0.00025671622
0.000000 426.844452 559.200012 0.04463117 0.13226523 0
0.000000 426.844421 497.066681 0.049513716 0.14380671 0
0.000000 426.844421 434.933350 0.06095118 0.17344208 0.0002553867
0.000000 426.844452 372.799988 0.07182693 0.20300202 0.0004990009
0.000000 426.844452 310.666687 0.078437254 0.22066744 0.00066741515
0.000000 426.844421 248.533325 0.07672154 0.21434473 0.00069274206
0.000000 426.844482 186.399994 0.06683889 0.18439819 0.00057663256
0.000000 426.844421 124.266663 0.053152233 0.14343037 0.00039803458
0.000000 426.844421 62.133331 0.039841063 0.10422807 0.0002427208
0.000000 426.844452 0.000000 0.031873513 0.08123388 0.00015151923
0.000000 487.822205 559.200012 0.035316125 0.10446278 0
0.000000 487.822205 497.066650 0.037718434 0.10966633 0
0.000000 487.822205 434.933350 0.046267755 0.13231193 0
0.000000 487.822205 372.799957 0.054071344 0.15362674 0.00009538267
0.000000 487.822235 310.666687 0.058350604 0.16494702 0.00020298825
0.000000 487.822205 248.533310 0.0561899 0.15754832 0.00021605226
0.000000 487.822205 186.399979 0.04827409 0.13316967 0.00014509501
0.000000 487.822205 124.266655 0.038175307 0.102315724 0.000051657073
0.000000 487.822205 62.133327 0.028746514 0.073899806 0
0.000000 487.822205 0.000000 0.02199884 0.05418207 0
0.000000 548.799988 559.200012 0.025503326 0.075733274 0
0.000000 548.799988 497.066681 0.029096209 0.08490077 0
0.000000 548.799988 434.933350 0.034096878 0.09803063 0
0.000000 548.799988 372.799988 0.03822053 0.109113626 0
0.000000 548.799988 310.666687 0.039751984 0.11272554 0
0.000000 548.799988 248.533325 0.03732786 0.10444674 0
0.000000 548.799988 186.399994 0.031917524 0.08703145 0
0.000000 548.799988 124.266663 0.025661794 0.06715617 0
0.000000 548.799988 62.133331 0.019824032 0.0488818 0
0.000000 548.799988 0.000000 0.015987566 0.037329324 0
552.799988 0.000000 0.000000 0.17200278 0.0046289293 0.000054765507
552.444458 0.000000 62.133335 0.18164586 0.00488316 0.00006505466
552.088867 0.000000 124.266670 0.21255206 0.005383352 0.000050932977
551.733276 0.000000 186.400009 0.20491067 0.0048068413 0
551.377808 0.000000 248.533340 0.12630682 0.0018363126 0
551.022217 0.000000 310.666687 0.06279366 0 0
550.666626 0.000000 372.800018 0.06325982 0 0
550.311096 0.000000 434.933350 0.0722172 0.00066717074 0
549.955566 0.000000 497.066681 0.07029801 0.0011653679 0
549.599976 0.000000 559.200012 0.06167139 0.0012476695 0
553.155579 60.977776 0.000000 0.1596854 0.0047257235 0.00010272509
552.839478 60.977776 62.133331 0.1751209 0.0051657083 0.000118829914
552.523438 60.977776 124.266663 0.20066221 0.0056262254 0.000115077906
552.207336 60.977776 186.399994 0.18419354 0.0046565244 0.000021240796
551.891357 60.977779 248.533325 0.11413966 0.0016610023 0
551.575317 60.977776 310.666687 0.07083784 0 0
551.259216 60.977776 372.799988 0.07005629 0.00006458618 0
550.943176 60.977776 434.933350 0.07593155 0.000983677 0
550.627136 60.977776 497.066650 0.07288043 0.0014434585 0
550.311096 60.977776 559.200012 0.07507955 0.0017701403 0
553.511108 121.955551 0.000000 0.1527041 0.0051264595 0.00015930591
553.234558 121.955551 62.133335 0.17396879 0.005729491 0.00017969808
552.958008 121.955551 124.266670 0.20337927 0.0063624415 0.00019047021
552.681458 121.955551 186.400024 0.20197916 0.005706206 0.000105984276
552.404968 121.955559 248.533340 0.15316702 0.0030082227 0
552.128357 121.955551 310.666687 0.10806895 0.0007276123 0
551.851868 121.955551 372.800049 0.097380385 0.00063341425 0
551.575256 121.955551 434.933350 0.09320918 0.0013764652 0
551.298767 121.955551 497.066681 0.09872552 0.00218008 0
551.022217 121.955551 559.200012 0.13581955 0.0035907128 0
553.866638 182.933334 0.000000 0.16407976 0.005772909 0.00019433803
553.629578 182.933334 62.133331 0.18874131 0.0065168384 0.00022557261
553.392578 182.933350 124.266663 0.22550681 0.007403941 0.00025377222
553.155518 182.933319 186.399994 0.24612631 0.0073623518 0.00021001756
552.918457 182.933334 248.533325 0.2327532 0.0055573466 0.000055907993
552.681458 182.933334 310.666687 0.20824176 0.003634337 0
552.444397 182.933334 372.799988 0.17874318 0.0028355767 0
552.207397 182.933350 434.933350 0.1470771 0.002812477 0
551.970337 182.933334 497.066650 0.17817688 0.00457529 0
551.733276 182.933334 559.200012 0.23271745 0.006516132 0.00007617952
554.222229 243.911102 0.000000 0.18050681 0.0065174038 0.00023487897
554.024719 243.911102 62.133335 0.21017706 0.00744429 0.00028053028
553.827148 243.911102 124.266670 0.25851643 0.008738332 0.00033860825
553.629578 243.911102 186.400009 0.3016846 0.009400934 0.00034614227
553.432129 243.911118 248.533340 0.3289433 0.00880562 0.00028218442
553.234619 243.911102 310.666687 0.32892293 0.0074893306 0.00016378083
553.036987 243.911102 372.800018 0.30476904 0.0067872773 0.000089054774
552.839478 243.911102 434.933350 0.27911508 0.0070796795 0.000120698496
552.641968 243.911102 497.066681 0.2850398 0.008000109 0.00017699914
552.444458 243.911102 559.200012 0.27989218 0.00787488 0.00012939594
554.577759 304.888885 0.000000 0.19530763 0.0071362653 0.00027046772
554.419739 304.888916 62.133331 0.22994737 0.008244164 0.0003303308
554.261719 304.888916 124.266663 0.2933243 0.010116237 0.00043129417
554.103638 304.888885 186.400009 0.35405874 0.011492904 0.0004933831
553.945679 304.888916 248.533325 0.39705464 0.011664554 0.0004817055
553.787598 304.888885 310.666687 0.4113397 0.011058147 0.00040934444
553.629639 304.888885 372.800018 0.40043753 0.010819964 0.00037153513
553.471619 304.888916 434.933350 0.3662208 0.010570253 0.0003562513
553.313599 304.888916 497.066650 0.323366 0.009476325 0.00024213422
553.155579 304.888885 559.200012 0.29908627 0.008575531 0.00013678787
554.933350 365.866669 0.000000 0.20069975 0.0073558595 0.00027969258
554.814819 365.866669 62.133331 0.23864305 0.008578484 0.0003471974
554.696289 365.866699 124.266663 0.3179608 0.011077573 0.0004950094
554.577759 365.866638 186.400009 0.3999115 0.013440983 0.00063416717
554.459229 365.866669 248.533325 0.4622847 0.01483621 0.00071206485
554.340698 365.866669 310.666687 0.48300913 0.014990442 0.00069524057
554.222229 365.866669 372.800018 0.45918095 0.014242035 0.0006166987
554.103699 365.866699 434.933380 0.40274742 0.012623379 0.0004823882
553.985168 365.866669 497.066650 0.34078833 0.01034752 0.0002725142
553.866699 365.866669 559.200012 0.3051777 0.008887237 0.00013329236
555.288879 426.844452 0.000000 0.18647085 0.00681374 0.00023218925
555.209839 426.844421 62.133335 0.22092223 0.007884752 0.0002840996
555.130859 426.844421 124.266670 0.30609155 0.010605784 0.00044372657
555.051880 426.844452 186.400024 0.3989673 0.0134943025 0.0006260293
554.972839 426.844452 248.533340 0.47199902 0.015618128 0.0007606141
554.893799 426.844421 310.666687 0.4941549 0.01611832 0.00077420677
554.814819 426.844482 372.800049 0.45911473 0.014879394 0.0006562969
554.735779 426.844421 434.933350 0.39015815 0.012482782 0.00045152885
554.656738 426.844421 497.066681 0.32108855 0.009767074 0.00020964889
554.577759 426.844452 559.200012 0.27469128 0.007925094 0.000053842185
555.644470 487.822205 0.000000 0.144784 0.005211621 0.000095848794
555.604980 487.822205 62.133331 0.16559313 0.0057323887 0.000095086696
555.565430 487.822205 124.266663 0.23184127 0.007710254 0.00018538577
555.525879 487.822205 186.399994 0.3043101 0.009890639 0.00030321677
555.486450 487.822235 248.533325 0.36021385 0.011506383 0.00039053985
555.446899 487.822205 310.666687 0.37516925 0.0118328985 0.0003885342
555.407349 487.822205 372.799988 0.3473136 0.010825367 0.0002935733
555.367859 487.822205 434.933350 0.29700142 0.009049172 0.0001484497
555.328369 487.822205 497.066650 0.2465054 0.0070804185 0
555.288879 487.822205 559.200012 0.20037374 0.005360465 0
556.000000 548.799988 0.000000 0.09968062 0.003467568 0
556.000000 548.799988 62.133335 0.1250463 0.0040663164 0
556.000000 548.799988 124.266670 0.17110622 0.0052916193 0
556.000000 548.799988 186.400009 0.22033276 0.0066276877 0.000009453109
556.000000 548.799988 248.533340 0.25672844 0.0075777094 0.000042840322
556.000000 548.799988 310.666687 0.2655502 0.0077454494 0.00003256279
556.000000 548.799988 372.800018 0.24755818 0.007129142 0
556.000000 548.799988 434.933350 0.21638706 0.006071376 0
556.000000 548.799988 497.066681 0.18193059 0.0047698226 0
556.000000 548.799988 559.200012 0.15069231 0.0037091374 0
343.000000 548.699988 227.000000 1 1 1
343.000000 548.699988 262.000000 1 1 1
343.000000 548.699988 297.000000 1 1 1
343.000000 548.699988 332.000000 1 1 1
299.666656 548.699988 227.000000 1 1 1
299.666656 548.699927 262.000000 1 1 1
299.666656 548.699988 297.000000 1 1 1
299.666656 548.699988 332.000000 1 1 1
256.333313 548.699988 227.000000 1 1 1
256.333344 548.699927 262.000000 1 1 1
256.333313 548.699988 297.000000 1 1 1
256.333313 548.699988 332.000000 1 1 1
213.000000 548.699988 227.000000 1 1 1
212.999985 548.699988 262.000000 1 1 1
213.000000 548.699988 297.000000 1 1 1
213.000000 548.699988 332.000000 1 1 1
130.000000 165.000000 65.000000 0.4968459 0.3042664 0.067100205
121.999992 165.000000 91.666664 0.5192146 0.3185322 0.07019362
114.000000 165.000000 118.333328 0.55612165 0.34336796 0.075284414
106.000000 165.000000 145.000000 0.58850104 0.36568934 0.079753265
98.000000 165.000000 171.666672 0.61398095 0.3844746 0.0833754
90.000000 165.000000 198.333344 0.6319181 0.3987088 0.0859178
82.000000 165.000000 225.000000 0.6439676 0.40799588 0.087585375
156.666656 165.000000 73.166664 0.52221674 0.31848034 0.07062827
148.611099 165.000000 99.777779 0.5550759 0.3388968 0.07518516
140.555557 165.000000 126.388893 0.5939284 0.36468098 0.08056243
132.500000 165.000000 153.000000 0.62702316 0.3875258 0.08521684
124.444458 165.000000 179.611115 0.6525036 0.40628043 0.088885725
116.388893 165.000000 206.222229 0.67020345 0.42008173 0.09136803
108.333328 165.000000 232.833344 0.6916154 0.4336982 0.094399385
183.333344 165.000000 81.333328 0.569635 0.34369472 0.07717396
175.222214 165.000015 107.888885 0.6049666 0.36536404 0.08210012
167.111099 164.999985 134.444443 0.64855886 0.39366892 0.088195615
159.000000 165.000000 161.000000 0.68518525 0.41861507 0.09346021
150.888885 164.999985 187.555542 0.7140906 0.43909073 0.09762758
142.777771 165.000000 214.111099 0.7336192 0.45396656 0.10043649
134.666656 165.000000 240.666656 0.75493705 0.46762353 0.103508435
210.000000 165.000000 89.500000 0.6147922 0.36730283 0.08334647
201.833328 165.000000 116.000000 0.6514774 0.3896014 0.08848901
193.666656 165.000000 142.500000 0.6994262 0.42053565 0.09532598
185.500000 165.000000 169.000000 0.74069625 0.44796503 0.10127875
177.333328 165.000000 195.500000 0.77240294 0.47004822 0.10591455
169.166656 165.000000 222.000000 0.79331374 0.48589092 0.109017715
161.000000 165.000000 248.500000 0.8145256 0.49948454 0.11208109
236.666672 165.000000 97.666664 0.65424085 0.38733557 0.08865497
228.444443 165.000000 124.111115 0.6921858 0.41043502 0.09404091
220.222229 164.999985 150.555557 0.74432075 0.44378906 0.10156163
212.000000 165.000000 177.000000 0.79000765 0.47343463 0.108142816
203.777771 165.000000 203.444458 0.82452625 0.49741986 0.11331231
195.555557 165.000000 229.888885 0.84691787 0.51431876 0.116713025
187.333328 165.000000 256.333344 0.8669445 0.5273069 0.11962149
263.333344 165.000000 105.833336 0.68788034 0.40365353 0.09303621
255.055573 165.000000 132.222229 0.7252418 0.42649058 0.098405994
246.777771 165.000000 158.611099 0.7804901 0.46160904 0.106444135
238.500000 165.000000 185.000000 0.8290916 0.49298742 0.11353444
230.222229 165.000000 211.388885 0.86544114 0.5183164 0.11912255
221.944458 165.000000 237.777802 0.8900567 0.536609 0.12290957
213.666672 165.000000 264.166656 0.9085412 0.54875547 0.1256012
290.000000 165.000000 114.000000 0.70984447 0.41402364 0.09584253
281.666656 165.000000 140.333344 0.7530322 0.44158018 0.10224024
273.333313 165.000000 166.666656 0.80884767 0.4768446 0.1103422
265.000000 165.000000 193.000000 0.8555015 0.50749344 0.11730895
256.666656 165.000000 219.333344 0.89088476 0.5323492 0.12283456
248.333344 165.000000 245.666672 0.914232 0.5498725 0.12640361
240.000000 165.000000 272.000000 0.9247713 0.5573796 0.12795737
290.000000 0.000000 114.000000 0.17448448 0.07309045 0.017105076
290.000000 27.500000 114.000000 0.22255135 0.097440906 0.022879822
290.000000 55.000000 113.999992 0.22495654 0.09566631 0.02230284
290.000000 82.500000 114.000000 0.21875094 0.08949793 0.020726329
290.000000 110.000000 114.000000 0.21429628 0.08451901 0.019456305
290.000000 137.500000 114.000000 0.21457934 0.08232816 0.018865803
290.000000 165.000000 114.000000 0.21821642 0.08277682 0.018925393
281.666656 0.000000 140.333344 0.37507513 0.18066423 0.042983178
281.666656 27.500002 140.333328 0.31486264 0.14742145 0.034872305
281.666656 55.000004 140.333328 0.22763777 0.09796988 0.022822125
281.666656 82.500000 140.333344 0.2199531 0.09121183 0.021101005
281.666656 110.000008 140.333344 0.2163861 0.08690835 0.019988209
281.666687 137.500000 140.333344 0.21797962 0.08564175 0.019614438
281.666656 165.000000 140.333344 0.22151446 0.08750379 0.020010086
273.333313 0.000000 166.666656 0.36583298 0.1784483 0.042433634
273.333344 27.500000 166.666656 0.2280708 0.104114674 0.024408448
273.333313 55.000000 166.666656 0.23190969 0.10366365 0.02414935
273.333313 82.500000 166.666656 0.22290625 0.09643679 0.022307264
273.333313 110.000000 166.666656 0.21875094 0.092130244 0.021183155
273.333313 137.500000 166.666656 0.22069539 0.09141635 0.020929225
273.333313 165.000000 166.666656 0.22467582 0.09368197 0.021405492
265.000000 0.000000 193.000000 0.23648743 0.112794444 0.026537174
265.000000 27.500000 193.000000 0.28111067 0.13662052 0.032122552
265.000000 55.000000 193.000000 0.24600956 0.11497571 0.0267528
265.000000 82.500000 193.000000 0.22710033 0.10254743 0.023656512
265.000000 110.000000 193.000000 0.22177856 0.09792651 0.022449033
265.000000 137.500000 193.000000 0.22404976 0.09783859 0.022331318
265.000000 165.000000 193.000000 0.22847179 0.100941524 0.022979435
256.666656 0.000000 219.333344 0.48575142 0.25470406 0.060531083
256.666656 27.500000 219.333344 0.3884919 0.2007923 0.04735072
256.666656 55.000000 219.333344 0.2504541 0.122550845 0.028348066
256.666656 82.500000 219.333344 0.22818474 0.10857945 0.024904449
256.666656 110.000000 219.333344 0.22231585 0.10411851 0.02374308
256.666656 137.500000 219.333328 0.2250589 0.10487709 0.023815785
256.666656 165.000000 219.333344 0.22962283 0.1085467 0.024575701
248.333344 0.000000 245.666672 0.43946856 0.2336531 0.055099037
248.333344 27.500000 245.666687 0.26316935 0.13641262 0.03128146
248.333328 55.000000 245.666656 0.24311341 0.12371174 0.028075341
248.333344 82.500000 245.666656 0.22863013 0.11416862 0.025758272
248.333328 110.000000 245.666656 0.22440504 0.11095598 0.02491531
248.333344 137.500015 245.666687 0.22983587 0.113648646 0.02543558
248.333344 165.000000 245.666672 0.23626603 0.118514046 0.026356699
240.000000 0.000000 272.000000 0.21745285 0.11421106 0.02563525
240.000000 27.500000 272.000000 0.2473425 0.13045117 0.029196955
239.999985 55.000000 272.000000 0.23590964 0.122256316 0.027219558
240.000000 82.500000 272.000000 0.2271258 0.116105825 0.025730172
240.000000 110.000000 272.000000 0.22751513 0.11574113 0.025547363
240.000000 137.500000 272.000000 0.23646641 0.12072414 0.02660803
240.000000 165.000000 272.000000 0.24058573 0.124042004 0.027205387
130.000000 0.000000 65.000000 0.0120993685 0.0061426936 0.0005909178
130.000000 27.500000 65.000000 0.014702438 0.0073315823 0.0008915104
130.000000 55.000000 65.000000 0.016308548 0.0075961286 0.0011911006
130.000000 82.500000 65.000000 0.015053495 0.0063871485 0.0011563264
130.000000 110.000000 65.000000 0.013905545 0.005474017 0.0010579318
130.000000 137.500000 65.000000 0.012975556 0.0047831787 0.000950542
130.000000 165.000000 65.000000 0.012536617 0.004415045 0.0008863154
156.666656 0.000000 73.166664 0.012657043 0.0058811004 0.00070742785
156.666672 27.500002 73.166664 0.015825057 0.0070872195 0.0010965674
156.666672 55.000004 73.166672 0.018161682 0.007932955 0.0014290316
156.666672 82.500000 73.166664 0.017130438 0.0070739156 0.001377736
156.666687 110.000008 73.166672 0.015734201 0.0061089555 0.0012336638
156.666656 137.500000 73.166664 0.014528823 0.005297422 0.0010843129
156.666656 165.000000 73.166664 0.014522261 0.0050976244 0.0010528547
183.333344 0.000000 81.333328 0.013164718 0.004836569 0.0008389641
183.333344 27.500000 81.333336 0.019706808 0.007936887 0.001504243
183.333328 55.000000 81.333328 0.023487305 0.009921708 0.0020026544
183.333344 82.500000 81.333328 0.022114221 0.009100961 0.0018991932
183.333328 110.000000 81.333328 0.019923437 0.007777308 0.0016456248
183.333328 137.500000 81.333328 0.017997768 0.0065898187 0.0013973629
183.333344 165.000000 81.333328 0.01776867 0.0062450673 0.0013276396
210.000000 0.000000 89.500000 0.028724296 0.009201613 0.0017413999
210.000000 27.500000 89.500000 0.033051137 0.012240192 0.0024805535
210.000000 55.000000 89.500000 0.03093085 0.013064581 0.002814622
210.000000 82.500000 89.500000 0.028523833 0.011845812 0.0025847442
210.000000 110.000000 89.500000 0.025124835 0.009899688 0.0021632446
210.000000 137.500000 89.500000 0.022199873 0.008167587 0.0017756274
210.000000 165.000000 89.500000 0.021636711 0.0076030423 0.0016495618
236.666672 0.000000 97.666664 0.037595958 0.012370478 0.0024776345
236.666672 27.500000 97.666672 0.037368868 0.015092779 0.0033065258
236.666656 55.000000 97.666664 0.040759332 0.017612534 0.00394498
236.666672 82.500000 97.666664 0.036525127 0.015377687 0.0034481701
236.666672 110.000000 97.666672 0.03134798 0.012451586 0.0027781979
236.666656 137.500000 97.666664 0.027123516 0.009988461 0.002208245
236.666672 165.000000 97.666664 0.026114801 0.0091242 0.002006888
263.333344 0.000000 105.833336 0.043735474 0.016742727 0.0037007274
263.333344 27.500000 105.833336 0.056782264 0.024286095 0.0055088904
263.333313 55.000000 105.833328 0.05488244 0.024352739 0.0055749775
263.333344 82.500000 105.833344 0.046206873 0.019686146 0.004486303
263.333313 110.000000 105.833328 0.038486518 0.015325834 0.003463764
263.333344 137.500015 105.833344 0.0326905 0.011958448 0.0026716078
263.333344 165.000000 105.833336 0.031149646 0.010724259 0.002378451
290.000000 0.000000 114.000000 0.067103736 0.027814971 0.0062925117
290.000000 27.500000 114.000000 0.06928407 0.03128246 0.007216078
290.000000 55.000000 113.999992 0.060435828 0.026865557 0.0061871028
290.000000 82.500000 114.000000 0.049356706 0.020766718 0.0047492306
290.000000 110.000000 114.000000 0.04075472 0.015865427 0.00359204
290.000000 137.500000 114.000000 0.03462518 0.012280676 0.002743972
290.000000 165.000000 114.000000 0.032980278 0.011123289 0.0024683073
82.000000 0.000000 225.000000 0.02536259 0.051012818 0.0016258828
81.999992 27.500000 225.000000 0.03469584 0.062376842 0.0025968743
82.000000 55.000000 224.999985 0.043564852 0.07653892 0.003338028
82.000000 82.500000 225.000000 0.039823618 0.078307785 0.0025785211
82.000000 110.000000 225.000000 0.035992626 0.07903726 0.0018300172
82.000000 137.500000 225.000000 0.034126148 0.08097621 0.0013296574
82.000000 165.000000 225.000000 0.03363418 0.08283618 0.0010825079
90.000000 0.000000 198.333328 0.026646087 0.053188194 0.0017095776
90.000000 27.500002 198.333328 0.034785245 0.0645259 0.0024694721
89.999992 55.000004 198.333344 0.038321458 0.07194677 0.0026700443
90.000000 82.500000 198.333344 0.035942767 0.07385306 0.00213163
90.000000 110.000008 198.333344 0.033611357 0.075381584 0.0015931375
89.999992 137.500000 198.333344 0.03258742 0.07786814 0.0012071494
90.000000 165.000000 198.333328 0.03194845 0.078096285 0.0010373928
98.000000 0.000000 171.666656 0.026220953 0.056495976 0.0013935837
98.000000 27.500000 171.666656 0.030762617 0.061670903 0.0018893278
97.999992 55.000000 171.666656 0.03273103 0.06420023 0.0021033175
98.000000 82.500000 171.666641 0.032038637 0.066508405 0.0018344721
98.000000 110.000000 171.666656 0.030783039 0.068502255 0.0014594008
98.000000 137.500000 171.666656 0.030166315 0.07103527 0.0011469402
98.000000 165.000000 171.666656 0.029583143 0.071113795 0.0009986986
106.000000 0.000000 145.000000 0.024618559 0.05501713 0.0011624969
105.999992 27.500000 145.000000 0.025950307 0.053551644 0.0014881608
106.000000 55.000000 144.999985 0.0291416 0.057236955 0.0018347552
106.000000 82.500000 145.000000 0.029202398 0.05981297 0.001680705
106.000000 110.000000 145.000000 0.028306501 0.061756622 0.0013762838
106.000000 137.500000 145.000000 0.027772276 0.06405664 0.001099188
106.000000 165.000000 145.000000 0.027131822 0.06386759 0.0009616011
114.000000 0.000000 118.333328 0.019014968 0.04286783 0.0008688513
114.000000 27.500000 118.333328 0.022964546 0.045978133 0.0013588613
114.000000 55.000000 118.333321 0.026975201 0.051412534 0.0017361083
114.000008 82.500000 118.333328 0.026873207 0.053354397 0.0015969401
114.000000 110.000000 118.333328 0.0259233 0.054928526 0.0013140936
114.000000 137.500000 118.333328 0.025285868 0.05683841 0.0010520186
114.000000 165.000000 118.333328 0.024522407 0.056337785 0.000918074
122.000000 0.000000 91.666656 0.017838333 0.038203474 0.00087696814
122.000000 27.500000 91.666664 0.021722715 0.041854043 0.0013084961
122.000000 55.000000 91.666656 0.024641028 0.04515093 0.0016219767
122.000000 82.500000 91.666664 0.024333894 0.04657283 0.0014941015
122.000000 110.000000 91.666664 0.02330092 0.047801558 0.0012320116
122.000000 137.500015 91.666664 0.022560693 0.049323883 0.0009871557
122.000000 165.000000 91.666656 0.021669077 0.048519548 0.0008571737
130.000000 0.000000 65.000000 0.01722536 0.035421334 0.0008751713
130.000000 27.500000 65.000000 0.02132099 0.03900915 0.0013524416
130.000000 55.000000 65.000000 0.023164697 0.041596547 0.0015382322
130.000000 82.500000 65.000000 0.022530664 0.04284099 0.0013721734
130.000000 110.000000 65.000000 0.021485578 0.043938458 0.0011197879
130.000000 137.500000 65.000000 0.020819122 0.045343626 0.00089863874
130.000000 165.000000 65.000000 0.020305123 0.045162704 0.0008057112
240.000000 0.000000 272.000000 0.29286587 0.2030933 0.038275428
240.000000 27.500000 272.000000 0.26470128 0.1852075 0.034399323
239.999985 55.000000 272.000000 0.23277108 0.16646224 0.029900702
240.000000 82.500000 272.000000 0.22475086 0.16334926 0.028641548
240.000000 110.000000 272.000000 0.22062689 0.16220585 0.027940461
240.000000 137.500000 272.000000 0.21963829 0.16269897 0.027685123
240.000000 165.000000 272.000000 0.22053622 0.1641011 0.027731484
213.666672 0.000000 264.166656 0.25544024 0.1790366 0.033222996
213.666656 27.500002 264.166656 0.23982884 0.17026497 0.03101615
213.666672 55.000004 264.166656 0.23579061 0.1701762 0.030264815
213.666656 82.500000 264.166656 0.22512233 0.16534571 0.028641548
213.666672 110.000008 264.166656 0.21987608 0.16349915 0.027778504
213.666656 137.500000 264.166687 0.21844187 0.16373847 0.027457062
213.666672 165.000000 264.166656 0.2173677 0.16425958 0.027221711
187.333313 0.000000 256.333313 0.23675807 0.16851763 0.030762287
187.333328 27.500000 256.333313 0.26341906 0.18786791 0.034240585
187.333313 55.000000 256.333313 0.23909336 0.17486075 0.030674076
187.333328 82.500000 256.333313 0.22327414 0.16685383 0.028320983
187.333328 110.000000 256.333313 0.21586905 0.16379507 0.027145352
187.333313 137.500000 256.333313 0.21282627 0.16315116 0.026586734
187.333313 165.000000 256.333313 0.21046281 0.16298836 0.02616393
161.000000 0.000000 248.500000 0.262559 0.18755873 0.03426503
160.999985 27.500000 248.500000 0.24795489 0.18038924 0.03206626
161.000000 55.000000 248.500000 0.23298968 0.17372987 0.029742012
161.000000 82.500000 248.500000 0.21745285 0.16605629 0.027408173
161.000000 110.000000 248.500000 0.20921896 0.16260666 0.026105767
161.000000 137.500000 248.500000 0.20532231 0.16157435 0.02542014
161.000000 165.000000 248.500000 0.20244375 0.1612172 0.024908263
134.666656 0.000000 240.666656 0.18548207 0.13989675 0.023663364
134.666672 27.500000 240.666656 0.20607446 0.15610436 0.026246926
134.666656 55.000000 240.666656 0.21816081 0.16738862 0.027591605
134.666656 82.500000 240.666656 0.20718406 0.1628134 0.025869923
134.666656 110.000000 240.666656 0.19938736 0.15975496 0.024617977
134.666656 137.500000 240.666656 0.19538617 0.15878338 0.023907552
134.666656 165.000000 240.666656 0.19153012 0.15799347 0.023261026
108.333328 0.000000 232.833344 0.15904875 0.12567143 0.019940853
108.333328 27.500000 232.833313 0.19151314 0.15023817 0.024109824
108.333321 55.000000 232.833313 0.20151243 0.16026992 0.02518239
108.333328 82.500000 232.833344 0.193224 0.15753306 0.023822661
108.333328 110.000000 232.833313 0.18648934 0.15519989 0.022712274
108.333328 137.500015 232.833344 0.18286198 0.15455323 0.022045227
108.333328 165.000000 232.833344 0.1790478 0.1538446 0.021392522
82.000000 0.000000 225.000000 0.16583988 0.13335508 0.02068307
81.999992 27.500000 225.000000 0.19239305 0.15402853 0.02404902
82.000000 55.000000 224.999985 0.19048136 0.15590233 0.0235331
82.000000 82.500000 225.000000 0.18333256 0.15373527 0.022340722
82.000000 110.000000 225.000000 0.17788593 0.15213244 0.021411981
82.000000 137.500000 225.000000 0.17530127 0.15215448 0.020882534
82.000000 165.000000 225.000000 0.17312834 0.1519269 0.020493886
423.000000 330.000000 247.000000 1 0.8362468 0.20166855
396.666656 330.000000 255.166656 1 0.90848076 0.2192852
370.333313 330.000000 263.333313 1 1 0.2607717
344.000000 330.000000 271.500000 1 1 0.29985446
317.666656 330.000000 279.666687 1 1 0.33104983
291.333313 330.000000 287.833313 1 1 0.34911904
265.000000 330.000000 296.000000 1 1 0.3523926
431.166687 330.000000 273.500000 1 0.8394989 0.20242444
404.833313 330.000000 281.694427 1 0.92184347 0.22249028
378.500000 330.000000 289.888885 1 1 0.26196218
352.166656 330.000000 298.083344 1 1 0.29781783
325.833344 330.000000 306.277802 1 1 0.3248225
299.500000 330.000000 314.472229 1 1 0.33837524
273.166656 330.000000 322.666656 1 1 0.33542928
439.333313 330.000000 300.000000 1 0.790027 0.19025348
413.000000 330.000031 308.222229 1 0.8581363 0.20682906
386.666626 329.999969 316.444458 1 1 0.24194412
360.333344 330.000000 324.666687 1 1 0.27354655
334.000000 329.999969 332.888885 1 1 0.29711947
307.666626 330.000000 341.111084 1 1 0.30877498
281.333313 330.000000 349.333313 1 1 0.30281517
447.500000 330.000000 326.500000 1 0.7189091 0.17278112
421.166656 330.000000 334.750000 1 0.7720762 0.18569191
394.833344 330.000000 343.000000 1 0.8938247 0.2153003
368.500000 330.000000 351.250000 1 1 0.24163686
342.166687 330.000000 359.500000 1 1 0.2610857
315.833313 330.000000 367.750000 1 1 0.27060136
289.500000 330.000000 376.000000 1 1 0.26309288
455.666687 330.000000 353.000000 1 0.6365191 0.15255891
429.333344 330.000000 361.277771 1 0.676107 0.16214061
403.000000 329.999969 369.555542 1 0.77468646 0.1860618
376.666687 330.000000 377.833344 1 0.8616091 0.20707409
350.333344 330.000000 386.111115 1 0.92583203 0.22246024
324.000000 330.000000 394.388855 1 0.9582826 0.22998784
297.666687 330.000000 402.666656 1 0.92800194 0.22230615
463.833313 330.000000 379.500000 1 0.5523714 0.13192682
437.500000 330.000000 387.805573 1 0.58095396 0.1388117
411.166626 330.000000 396.111084 1 0.6586037 0.15759568
384.833344 330.000000 404.416687 1 0.7263612 0.17390777
358.500000 330.000000 412.722229 1 0.77634495 0.18581048
332.166687 330.000000 421.027802 1 0.8022215 0.19174275
305.833344 330.000000 429.333344 1 0.7751689 0.18487355
472.000000 330.000000 406.000000 0.93601936 0.497226 0.118406825
445.666656 330.000000 414.333313 1 0.54397446 0.1297005
419.333313 330.000000 422.666656 1 0.6100577 0.14563794
393.000000 330.000000 431.000000 1 0.6660737 0.15906167
366.666687 330.000000 439.333313 1 0.7057576 0.16843186
340.333344 330.000000 447.666687 1 0.72443515 0.17259796
314.000000 330.000000 456.000000 1 0.71233046 0.16944101
423.000000 0.000000 247.000000 0.115518674 0.027273817 0.005959936
423.000000 55.000000 247.000000 0.121084124 0.024783086 0.0053115655
422.999969 110.000000 247.000000 0.12996852 0.018634984 0.003749252
423.000000 165.000000 247.000000 0.14478323 0.013646274 0.0024256643
423.000000 220.000000 247.000000 0.16872343 0.011586095 0.0017528378
423.000000 275.000000 247.000000 0.19460782 0.011301072 0.0014857631
423.000000 330.000000 247.000000 0.21230161 0.011775857 0.0014544708
431.166687 0.000000 273.500000 0.113325045 0.022277694 0.0047333147
431.166656 55.000004 273.500000 0.115429215 0.01854964 0.0038107627
431.166687 110.000008 273.500000 0.12666008 0.014976203 0.002876385
431.166687 165.000000 273.500000 0.14773288 0.01201163 0.0020139546
431.166687 220.000015 273.500000 0.17604081 0.010960734 0.0015615975
431.166687 275.000000 273.500000 0.20430514 0.0112566715 0.0014178175
431.166687 330.000000 273.500000 0.22131051 0.011778589 0.001413517
439.333313 0.000000 300.000000 0.096926436 0.01301055 0.0025524367
439.333313 55.000000 300.000000 0.09981389 0.012658258 0.0024684733
439.333313 110.000000 300.000000 0.117353395 0.011805532 0.0021685902
439.333313 165.000000 300.000000 0.14421341 0.010425858 0.0016673766
439.333282 220.000000 300.000000 0.17844228 0.010190009 0.0013837358
439.333313 275.000000 300.000000 0.21180972 0.01095098 0.0013227805
439.333313 330.000000 300.000000 0.23056558 0.011629842 0.0013441265
447.500000 0.000000 326.500000 0.08389831 0.00902975 0.0016660335
447.500000 55.000000 326.500000 0.089314625 0.009461427 0.0017549782
447.500000 110.000000 326.500000 0.10840652 0.00937628 0.0016382312
447.500000 165.000000 326.500000 0.13940133 0.009003777 0.0013654183
447.500000 220.000000 326.500000 0.17885073 0.009419751 0.0012149914
447.500000 275.000000 326.500000 0.21701184 0.010585157 0.0012245636
447.500000 330.000000 326.500000 0.23726968 0.011403572 0.0012683482
455.666687 0.000000 353.000000 0.07248768 0.0069625564 0.0012358304
455.666687 55.000000 353.000031 0.07799175 0.0072836094 0.0012937117
455.666656 110.000000 353.000000 0.100474805 0.007668661 0.0012718223
455.666656 165.000000 353.000000 0.13377477 0.007825464 0.0011204366
455.666656 220.000000 353.000000 0.17736907 0.008714641 0.0010657562
455.666656 275.000000 353.000000 0.21981059 0.010208407 0.0011312801
455.666687 330.000000 353.000000 0.24117276 0.011140696 0.0011936739
463.833313 0.000000 379.500000 0.06071133 0.0056401878 0.000979853
463.833313 55.000000 379.500000 0.07194573 0.0065082237 0.0011263936
463.833282 110.000000 379.500000 0.09378782 0.006554195 0.0010325768
463.833313 165.000000 379.500000 0.12759714 0.0069147493 0.0009330316
463.833313 220.000000 379.500000 0.1740883 0.008123866 0.000943684
463.833374 275.000031 379.500031 0.22020745 0.009871492 0.0010517052
463.833313 330.000000 379.500000 0.24234305 0.010892001 0.0011292154
472.000000 0.000000 406.000000 0.060208015 0.006082664 0.0010690741
472.000000 55.000000 406.000000 0.07395081 0.0064130286 0.0010840474
472.000000 110.000000 406.000000 0.09589153 0.006057385 0.00089724886
472.000000 165.000000 406.000000 0.13358611 0.00672877 0.000848925
472.000000 220.000000 406.000000 0.1837523 0.008248501 0.0009098477
472.000000 275.000000 406.000000 0.22931434 0.010156506 0.0010516528
472.000000 330.000000 406.000000 0.24604031 0.0110185975 0.0011269358
472.000000 0.000000 406.000000 0.079312526 0.030433862 0.0061543277
472.000000 55.000000 406.000000 0.09454274 0.036448125 0.007401668
472.000000 110.000000 406.000000 0.12304494 0.04715299 0.009783993
472.000000 165.000000 406.000000 0.1592627 0.06033257 0.012860442
472.000000 220.000000 406.000000 0.20408224 0.0755756 0.016405402
472.000000 275.000000 406.000000 0.24623796 0.08909738 0.019515105
472.000000 330.000000 406.000000 0.27026397 0.09756265 0.021445516
445.666656 0.000000 414.333313 0.08663464 0.034348927 0.006932126
445.666656 55.000004 414.333313 0.104913756 0.042094816 0.008560277
445.666656 110.000008 414.333313 0.1349614 0.053840414 0.011227378
445.666626 165.000000 414.333313 0.17445306 0.06883914 0.014745854
445.666656 220.000015 414.333374 0.21987028 0.08540931 0.018620955
445.666687 275.000000 414.333344 0.2591985 0.09946183 0.021880502
445.666656 330.000000 414.333313 0.2790076 0.10946086 0.024189783
419.333313 0.000000 422.666656 0.0961618 0.04111463 0.008259912
419.333313 55.000000 422.666656 0.114617676 0.049527805 0.010029882
419.333282 110.000000 422.666626 0.14347005 0.061594397 0.012812389
419.333344 165.000000 422.666656 0.1841673 0.07863771 0.016843112
419.333313 220.000000 422.666626 0.23047958 0.097892456 0.021394685
419.333282 275.000000 422.666626 0.2704558 0.114410564 0.025281427
419.333313 330.000000 422.666656 0.29147935 0.12564944 0.027896097
393.000000 0.000000 431.000000 0.10820495 0.049489807 0.009903237
392.999969 55.000000 431.000000 0.123632945 0.057183817 0.011538967
393.000000 110.000000 431.000000 0.15229237 0.070026875 0.014525981
393.000000 165.000000 431.000000 0.19386894 0.0887618 0.018981792
393.000000 220.000000 431.000000 0.241719 0.110500924 0.024156569
393.000000 275.000000 431.000000 0.2834447 0.12946233 0.028661195
393.000000 330.000000 431.000000 0.3058967 0.14187735 0.03156604
366.666687 0.000000 439.333313 0.12013264 0.058761455 0.011728503
366.666656 55.000000 439.333374 0.13545184 0.06702311 0.013502708
366.666626 110.000000 439.333313 0.16247925 0.079622075 0.016484052
366.666687 165.000000 439.333313 0.2042894 0.09947621 0.021223217
366.666687 220.000000 439.333313 0.2534943 0.123193026 0.026894016
366.666656 275.000000 439.333313 0.29725003 0.14432514 0.031948786
366.666687 330.000000 439.333313 0.32107317 0.15775394 0.035104804
340.333344 0.000000 447.666687 0.14249228 0.074554324 0.014828465
340.333344 55.000000 447.666687 0.15270963 0.0804355 0.01618693
340.333313 110.000000 447.666626 0.17505287 0.09085706 0.01880153
340.333344 165.000000 447.666687 0.21602543 0.11104288 0.023629121
340.333313 220.000000 447.666656 0.26568043 0.13593435 0.029596362
340.333344 275.000031 447.666687 0.3110207 0.15868582 0.035066586
340.333344 330.000000 447.666687 0.33584645 0.17282589 0.038400967
314.000000 0.000000 456.000000 0.1586818 0.08643139 0.017186971
314.000000 55.000000 456.000000 0.16247763 0.08788057 0.017819498
314.000000 110.000000 455.999969 0.18992794 0.101162076 0.02105009
314.000000 165.000000 456.000000 0.23341827 0.12310529 0.026302231
314.000000 220.000000 456.000000 0.2837501 0.14879233 0.032473322
314.000000 275.000000 456.000000 0.32771018 0.17114569 0.037869163
314.000000 330.000000 456.000000 0.345962 0.18119931 0.040262137
314.000000 0.000000 456.000000 0.20145732 0.14866473 0.025288828
314.000000 55.000000 456.000000 0.2043264 0.15267174 0.025636144
314.000000 110.000000 455.999969 0.20150599 0.15475987 0.025112746
314.000000 165.000000 456.000000 0.20139948 0.15750095 0.024910025
314.000000 220.000000 456.000000 0.20973761 0.16405185 0.02587022
314.000000 275.000000 456.000000 0.22502089 0.17338793 0.02781435
314.000000 330.000000 456.000000 0.237991 0.1807499 0.029509997
305.833313 0.000000 429.333344 0.19771868 0.14799969 0.02483933
305.833344 55.000004 429.333344 0.20124623 0.15318915 0.025234396
305.833313 110.000008 429.333344 0.1993271 0.15571399 0.024753235
305.833344 165.000000 429.333313 0.19922306 0.15832736 0.024532592
305.833374 220.000015 429.333344 0.20764954 0.16481368 0.025506305
305.833374 275.000000 429.333344 0.22302175 0.17406628 0.027480286
305.833313 330.000000 429.333344 0.23116487 0.17938113 0.028538376
297.666656 0.000000 402.666626 0.226228 0.16998032 0.028716367
297.666656 55.000000 402.666656 0.21745574 0.16672629 0.027392091
297.666656 110.000000 402.666626 0.19525528 0.1559566 0.024145888
297.666656 165.000000 402.666656 0.19222565 0.15709504 0.023498109
297.666656 220.000000 402.666626 0.19850288 0.16259931 0.024173316
297.666626 275.000000 402.666626 0.21317174 0.17171486 0.026067832
297.666656 330.000000 402.666626 0.22256197 0.1778233 0.027313624
289.500000 0.000000 376.000000 0.2299829 0.17450655 0.029225456
289.500000 55.000000 375.999969 0.19974357 0.15675937 0.025022898
289.500000 110.000000 376.000000 0.19069159 0.15528032 0.023477923
289.500000 165.000000 376.000000 0.18540397 0.1554357 0.02249455
289.500000 220.000000 376.000000 0.19058822 0.1606251 0.023014568
289.500000 275.000000 376.000000 0.2056128 0.17028423 0.02497054
289.500000 330.000000 376.000000 0.21659806 0.17740162 0.026452461
281.333344 0.000000 349.333313 0.21197015 0.16344589 0.026837725
281.333344 55.000000 349.333344 0.20352788 0.16051883 0.025511658
281.333313 110.000000 349.333313 0.18637493 0.15424351 0.02284256
281.333344 165.000000 349.333313 0.17921054 0.15372339 0.02157912
281.333313 220.000000 349.333313 0.18433432 0.15924898 0.022088096
281.333313 275.000000 349.333313 0.2000919 0.16967751 0.02415628
281.333344 330.000000 349.333313 0.21234979 0.17763211 0.025826786
273.166656 0.000000 322.666656 0.19681469 0.1537701 0.02481354
273.166687 55.000000 322.666656 0.1852689 0.14886083 0.023051417
273.166656 110.000000 322.666626 0.18237205 0.15265043 0.022247046
273.166687 165.000000 322.666656 0.17432578 0.15221436 0.020842291
273.166656 220.000000 322.666656 0.18084249 0.1591093 0.021548187
273.166687 275.000031 322.666687 0.19634633 0.16971514 0.023591204
273.166656 330.000000 322.666656 0.20862994 0.17774269 0.025274323
265.000000 0.000000 296.000000 0.1700431 0.13586177 0.021218643
265.000000 55.000000 296.000000 0.18727277 0.1513796 0.023203373
265.000000 110.000000 296.000000 0.17670767 0.15050744 0.021358224
265.000000 165.000000 296.000000 0.17324415 0.15312591 0.020607283
265.000000 220.000000 296.000000 0.18228944 0.16140264 0.021688672
265.000000 275.000000 296.000000 0.19920571 0.17267898 0.023959255
265.000000 330.000000 296.000000 0.21073464 0.17989342 0.025558673
265.000000 0.000000 296.000000 0.322721 0.18761702 0.04092657
265.000000 55.000000 296.000000 0.25228143 0.1441591 0.031232953
265.000000 110.000000 296.000000 0.18214864 0.10294679 0.021460399
265.000000 165.000000 296.000000 0.16429901 0.09785407 0.019309089
265.000000 220.000000 296.000000 0.18594228 0.11782088 0.022988146
265.000000 275.000000 296.000000 0.21200979 0.13599065 0.027000962
265.000000 330.000000 296.000000 0.24156182 0.15404041 0.03136296
291.333313 0.000000 287.833313 0.27646446 0.15673214 0.03460621
291.333344 55.000004 287.833344 0.216367 0.11921631 0.026232727
291.333313 110.000008 287.833313 0.17384508 0.09572504 0.02024818
291.333313 165.000000 287.833344 0.16354258 0.09655354 0.019274103
291.333344 220.000015 287.833344 0.18434918 0.11504809 0.022750534
291.333344 275.000000 287.833344 0.21568793 0.13609737 0.02751065
291.333313 330.000000 287.833313 0.24053515 0.150574 0.031151969
317.666656 0.000000 279.666656 0.21797007 0.1176647 0.026740285
317.666656 55.000000 279.666656 0.19081812 0.10041766 0.02273182
317.666656 110.000000 279.666656 0.16817218 0.089030325 0.019393504
317.666656 165.000000 279.666656 0.15425383 0.08762733 0.01784641
317.666656 220.000000 279.666656 0.17152895 0.10350142 0.02077762
317.666656 275.000000 279.666626 0.20490047 0.12579852 0.025831278
317.666656 330.000000 279.666656 0.22872458 0.13974403 0.0293088
344.000000 0.000000 271.500000 0.17972948 0.093687415 0.021550085
344.000000 55.000000 271.500000 0.18274705 0.09421672 0.021537064
344.000000 110.000000 271.500000 0.16115135 0.083770834 0.01836666
344.000000 165.000000 271.500000 0.14578414 0.080360964 0.016546221
344.000000 220.000000 271.500000 0.15893337 0.092714846 0.018814376
344.000000 275.000000 271.500000 0.1907691 0.11385701 0.0236103
344.000000 330.000000 271.500000 0.2119796 0.126257 0.026677161
370.333313 0.000000 263.333344 0.1755916 0.08967319 0.020806082
370.333344 55.000000 263.333344 0.17656752 0.08937589 0.020534554
370.333313 110.000000 263.333313 0.15366158 0.07832423 0.017259708
370.333313 165.000000 263.333344 0.13801347 0.07369065 0.015326958
370.333313 220.000000 263.333313 0.14745319 0.08293403 0.01696334
370.333313 275.000000 263.333313 0.17545193 0.10141698 0.021142863
370.333313 330.000000 263.333344 0.19297278 0.11152906 0.023629691
396.666687 0.000000 255.166656 0.18106069 0.09104148 0.021164078
396.666656 55.000000 255.166672 0.17550388 0.08753001 0.020094067
396.666626 110.000000 255.166656 0.14664516 0.073153846 0.016124804
396.666687 165.000000 255.166672 0.13129796 0.067771375 0.014166617
396.666687 220.000000 255.166656 0.1375396 0.07417528 0.01524666
396.666687 275.000031 255.166672 0.16054316 0.08922864 0.01862822
396.666687 330.000000 255.166656 0.17415698 0.09684884 0.020485707
423.000000 0.000000 247.000000 0.1853408 0.09221894 0.021374157
423.000000 55.000000 247.000000 0.16605382 0.08167872 0.018602423
422.999969 110.000000 247.000000 0.13760595 0.06781243 0.014762401
423.000000 165.000000 247.000000 0.12666292 0.064461775 0.013381087
423.000000 220.000000 247.000000 0.13512157 0.071433105 0.014702878
423.000000 275.000000 247.000000 0.15800712 0.085929915 0.018003423
423.000000 330.000000 247.000000 0.16995856 0.09274191 0.019648466

4644

0 1 10
1 11 10
10 11 20
11 21 20
20 21 30
21 31 30
30 31 40
31 41 40
40 41 50
41 51 50
50 51 60
51 61 60
60 61 70
61 71 70
70 71 80
71 81 80
80 81 90
81 91 90
1 2 11
2 12 11
11 12 21
12 22 21
21 22 31
22 32 31
31 32 41
32 42 41
41 42 51
42 52 51
51 52 61
52 62 61
61 62 71
62 72 71
71 72 81
72 82 81
81 82 91
82 92 91
2 3 12
3 13 12
12 13 22
13 23 22
22 23 32
23 33 32
32 33 42
33 43 42
42 43 52
43 53 52
52 53 62
53 63 62
62 63 72
63 73 72
72 73 82
73 83 82
82 83 92
83 93 92
3 4 13
4 14 13
13 14 23
14 24 23
23 24 33
24 34 33
33 34 43
34 44 43
43 44 53
44 54 53
53 54 63
54 64 63
63 64 73
64 74 73
73 74 83
74 84 83
83 84 93
84 94 93
4 5 14
5 15 14
14 15 24
15 25 24
24 25 34
25 35 34
34 35 44
35 45 44
44 45 54
45 55 54
54 55 64
55 65 64
64 65 74
65 75 74
74 75 84
75 85 84
84 85 94
85 95 94
5 6 15
6 16 15
15 16 25
16 26 25
25 26 35
26 36 35
35 36 45
36 46 45
45 46 55
46 56 55
55 56 65
56 66 65
65 66 75
66 76 75
75 76 85
76 86 85
85 86 95
86 96 95
6 7 16
7 17 16
16 17 26
17 27 26
26 27 36
27 37 36
36 37 46
37 47 46
46 47 56
47 57 56
56 57 66
57 67 66
66 67 76
67 77 76
76 77 86
77 87 86
86 87 96
87 97 96
7 8 17
8 18 17
17 18 27
18 28 27
27 28 37
28 38 37
37 38 47
38 48 47
47 48 57
48 58 57
57 58 67
58 68 67
67 68 77
68 78 77
77 78 87
78 88 87
87 88 97
88 98 97
8 9 18
9 19 18
18 19 28
19 29 28
28 29 38
29 39 38
38 39 48
39 49 48
48 49 58
49 59 58
58 59 68
59 69 68
68 69 78
69 79 78
78 79 88
79 89 88
88 89 98
89 99 98
100 101 110
101 111 110
110 111 120
111 121 120
120 121 130
121 131 130
130 131 140
131 141 140
140 141 150
141 151 150
150 151 160
151 161 160
160 161 170
161 171 170
170 171 180
171 181 180
180 181 190
181 191 190
101 102 111
102 112 111
111 112 121
112 122 121
121 122 131
122 132 131
131 132 141
132 142 141
141 142 151
142 152 151
151 152 161
152 162 161
161 162 171
162 172 171
171 172 181
172 182 181
181 182 191
182 192 191
102 103 112
103 113 112
112 113 122
113 123 122
122 123 132
123 133 132
132 133 142
133 143 142
142 143 152
143 153 152
152 153 162
153 163 162
162 163 172
163 173 172
172 173 182
173 183 182
182 183 192
183 193 192
103 104 113
104 114 113
113 114 123
114 124 123
123 124 133
124 134 133
133 134 143
134 144 143
143 144 153
144 154 153
153 154 163
154 164 163
163 164 173
164 174 173
173 174 183
174 184 183
183 184 193
184 194 193
104 105 114
105 115 114
114 115 124
115 125 124
124 125 134
125 135 134
134 135 144
135 145 144
144 145 154
145 155 154
154 155 164
155 165 164
164 165 174
165 175 174
174 175 184
175 185 184
184 185 194
185 195 194
105 106 115
106 116 115
115 116 125
116 126 125
125 126 135
126 136 135
135 136 145
136 146 145
145 146 155
146 156 155
155 156 165
156 166 165
165 166 175
166 176 175
175 176 185
176 186 185
185 186 195
186 196 195
106 107 116
107 117 116
116 117 126
117 127 126
126 127 136
127 137 136
136 137 146
137 147 146
146 147 156
147 157 156
156 157 166
157 167 166
166 167 176
167 177 176
176 177 186
177 187 186
186 187 196
187 197 196
107 108 117
108 118 117
117 118 127
118 128 127
127 128 137
128 138 137
137 138 147
138 148 147
147 148 157
148 158 157
157 158 167
158 168 167
167 168 177
168 178 177
177 178 187
178 188 187
187 188 197
188 198 197
108 109 118
109 119 118
118 119 128
119 129 128
128 129 138
129 139 138
138 139 148
139 149 148
148 149 158
149 159 158
158 159 168
159 169 168
168 169 178
169 179 178
178 179 188
179 189 188
188 189 198
189 199 198
200 201 210
201 211 210
210 211 220
211 221 220
220 221 230
221 231 230
230 231 240
231 241 240
240 241 250
241 251 250
250 251 260
251 261 260
260 261 270
261 271 270
270 271 280
271 281 280
280 281 290
281 291 290
201 202 211
202 212 211
211 212 221
212 222 221
221 222 231
222 232 231
231 232 241
232 242 241
241 242 251
242 252 251
251 252 261
252 262 261
261 262 271
262 272 271
271 272 281
272 282 281
281 282 291
282 292 291
202 203 212
203 213 212
212 213 222
213 223 222
222 223 232
223 233 232
232 233 242
233 243 242
242 243 252
243 253 252
252 253 262
253 263 262
262 263 272
263 273 272
272 273 282
273 283 282
282 283 292
283 293 292
203 204 213
204 214 213
213 214 223
214 224 223
223 224 233
224 234 233
233 234 243
234 244 243
243 244 253
244 254 253
253 254 263
254 264 263
263 264 273
264 274 273
273 274 283
274 284 283
283 284 293
284 294 293
204 205 214
205 215 214
214 215 224
215 225 224
224 225 234
225 235 234
234 235 244
235 245 244
244 245 254
245 255 254
254 255 264
255 265 264
264 265 274
265 275 274
274 275 284
275 285 284
284 285 294
285 295 294
205 206 215
206 216 215
215 216 225
216 226 225
225 226 235
226 236 235
235 236 245
236 246 245
245 246 255
246 256 255
255 256 265
256 266 265
265 266 275
266 276 275
275 276 285
276 286 285
285 286 295
286 296 295
206 207 216
207 217 216
216 217 226
217 227 226
226 227 236
227 237 236
236 237 246
237 247 246
246 247 256
247 257 256
256 257 266
257 267 266
266 267 276
267 277 276
276 277 286
277 287 286
286 287 296
287 297 296
207 208 217
208 218 217
217 218 227
218 228 227
227 228 237
228 238 237
237 238 247
238 248 247
247 248 257
248 258 257
257 258 267
258 268 267
267 268 277
268 278 277
277 278 287
278 288 287
287 288 297
288 298 297
208 209 218
209 219 218
218 219 228
219 229 228
228 229 238
229 239 238
238 239 248
239 249 248
248 249 258
249 259 258
258 259 268
259 269 268
268 269 278
269 279 278
278 279 288
279 289 288
288 289 298
289 299 298
516 517 523
517 524 523
523 524 530
524 531 530
530 531 537
531 538 537
537 538 544
538 545 544
544 545 551
545 552 551
551 552 558
552 559 558
517 518 524
518 525 524
524 525 531
525 532 531
531 532 538
532 539 538
538 539 545
539 546 545
545 546 552
546 553 552
552 553 559
553 560 559
518 519 525
519 526 525
525 526 532
526 533 532
532 533 539
533 540 539
539 540 546
540 547 546
546 547 553
547 554 553
553 554 560
554 561 560
519 520 526
520 527 526
526 527 533
527 534 533
533 534 540
534 541 540
540 541 547
541 548 547
547 548 554
548 555 554
554 555 561
555 562 561
520 521 527
521 528 527
527 528 534
528 535 534
534 535 541
535 542 541
541 542 548
542 549 548
548 549 555
549 556 555
555 556 562
556 563 562
521 522 528
522 529 528
528 529 535
529 536 535
535 536 542
536 543 542
542 543 549
543 550 549
549 550 556
550 557 556
556 557 563
557 564 563
565 566 572
566 573 572
572 573 579
573 580 579
579 580 586
580 587 586
586 587 593
587 594 593
593 594 600
594 601 600
600 601 607
601 608 607
566 567 573
567 574 573
573 574 580
574 581 580
580 581 587
581 588 587
587 588 594
588 595 594
594 595 601
595 602 601
601 602 608
602 609 608
567 568 574
568 575 574
574 575 581
575 582 581
581 582 588
582 589 588
588 589 595
589 596 595
595 596 602
596 603 602
602 603 609
603 610 609
568 569 575
569 576 575
575 576 582
576 583 582
582 583 589
583 590 589
589 590 596
590 597 596
596 597 603
597 604 603
603 604 610
604 611 610
569 570 576
570 577 576
576 577 583
577 584 583
583 584 590
584 591 590
590 591 597
591 598 597
597 598 604
598 605 604
604 605 611
605 612 611
570 571 577
571 578 577
577 578 584
578 585 584
584 585 591
585 592 591
591 592 598
592 599 598
598 599 605
599 606 605
605 606 612
606 613 612
614 615 621
615 622 621
621 622 628
622 629 628
628 629 635
629 636 635
635 636 642
636 643 642
642 643 649
643 650 649
649 650 656
650 657 656
615 616 622
616 623 622
622 623 629
623 630 629
629 630 636
630 637 636
636 637 643
637 644 643
643 644 650
644 651 650
650 651 657
651 658 657
616 617 623
617 624 623
623 624 630
624 631 630
630 631 637
631 638 637
637 638 644
638 645 644
644 645 651
645 652 651
651 652 658
652 659 658
617 618 624
618 625 624
624 625 631
625 632 631
631 632 638
632 639 638
638 639 645
639 646 645
645 646 652
646 653 652
652 653 659
653 660 659
618 619 625
619 626 625
625 626 632
626 633 632
632 633 639
633 640 639
639 640 646
640 647 646
646 647 653
647 654 653
653 654 660
654 661 660
619 620 626
620 627 626
626 627 633
627 634 633
633 634 640
634 641 640
640 641 647
641 648 647
647 648 654
648 655 654
654 655 661
655 662 661
663 664 670
664 671 670
670 671 677
671 678 677
677 678 684
678 685 684
684 685 691
685 692 691
691 692 698
692 699 698
698 699 705
699 706 705
664 665 671
665 672 671
671 672 678
672 679 678
678 679 685
679 686 685
685 686 692
686 693 692
692 693 699
693 700 699
699 700 706
700 707 706
665 666 672
666 673 672
672 673 679
673 680 679
679 680 686
680 687 686
686 687 693
687 694 693
693 694 700
694 701 700
700 701 707
701 708 707
666 667 673
667 674 673
673 674 680
674 681 680
680 681 687
681 688 687
687 688 694
688 695 694
694 695 701
695 702 701
701 702 708
702 709 708
667 668 674
668 675 674
674 675 681
675 682 681
681 682 688
682 689 688
688 689 695
689 696 695
695 696 702
696 703 702
702 703 709
703 710 709
668 669 675
669 676 675
675 676 682
676 683 682
682 683 689
683 690 689
689 690 696
690 697 696
696 697 703
697 704 703
703 704 710
704 711 710
712 713 719
713 720 719
719 720 726
720 727 726
726 727 733
727 734 733
733 734 740
734 741 740
740 741 747
741 748 747
747 748 754
748 755 754
713 714 720
714 721 720
720 721 727
721 728 727
727 728 734
728 735 734
734 735 741
735 742 741
741 742 748
742 749 748
748 749 755
749 756 755
714 715 721
715 722 721
721 722 728
722 729 728
728 729 735
729 736 735
735 736 742
736 743 742
742 743 749
743 750 749
749 750 756
750 757 756
715 716 722
716 723 722
722 723 729
723 730 729
729 730 736
730 737 736
736 737 743
737 744 743
743 744 750
744 751 750
750 751 757
751 758 757
716 717 723
717 724 723
723 724 730
724 731 730
730 731 737
731 738 737
737 738 744
738 745 744
744 745 751
745 752 751
751 752 758
752 759 758
717 718 724
718 725 724
724 725 731
725 732 731
731 732 738
732 739 738
738 739 745
739 746 745
745 746 752
746 753 752
752 753 759
753 760 759
761 762 768
762 769 768
768 769 775
769 776 775
775 776 782
776 783 782
782 783 789
783 790 789
789 790 796
790 797 796
796 797 803
797 804 803
762 763 769
763 770 769
769 770 776
770 777 776
776 777 783
777 784 783
783 784 790
784 791 790
790 791 797
791 798 797
797 798 804
798 805 804
763 764 770
764 771 770
770 771 777
771 778 777
777 778 784
778 785 784
784 785 791
785 792 791
791 792 798
792 799 798
798 799 805
799 806 805
764 765 771
765 772 771
771 772 778
772 779 778
778 779 785
779 786 785
785 786 792
786 793 792
792 793 799
793 800 799
799 800 806
800 807 806
765 766 772
766 773 772
772 773 779
773 780 779
779 780 786
780 787 786
786 787 793
787 794 793
793 794 800
794 801 800
800 801 807
801 808 807
766 767 773
767 774 773
773 774 780
774 781 780
780 781 787
781 788 787
787 788 794
788 795 794
794 795 801
795 802 801
801 802 808
802 809 808
810 811 817
811 818 817
817 818 824
818 825 824
824 825 831
825 832 831
831 832 838
832 839 838
838 839 845
839 846 845
845 846 852
846 853 852
811 812 818
812 819 818
818 819 825
819 826 825
825 826 832
826 833 832
832 833 839
833 840 839
839 840 846
840 847 846
846 847 853
847 854 853
812 813 819
813 820 819
819 820 826
820 827 826
826 827 833
827 834 833
833 834 840
834 841 840
840 841 847
841 848 847
847 848 854
848 855 854
813 814 820
814 821 820
820 821 827
821 828 827
827 828 834
828 835 834
834 835 841
835 842 841
841 842 848
842 849 848
848 849 855
849 856 855
814 815 821
815 822 821
821 822 828
822 829 828
828 829 835
829 836 835
835 836 842
836 843 842
842 843 849
843 850 849
849 850 856
850 857 856
815 816 822
816 823 822
822 823 829
823 830 829
829 830 836
830 837 836
836 837 843
837 844 843
843 844 850
844 851 850
850 851 857
851 858 857
859 860 866
860 867 866
866 867 873
867 874 873
873 874 880
874 881 880
880 881 887
881 888 887
887 888 894
888 895 894
894 895 901
895 902 901
860 861 867
861 868 867
867 868 874
868 875 874
874 875 881
875 882 881
881 882 888
882 889 888
888 889 895
889 896 895
895 896 902
896 903 902
861 862 868
862 869 868
868 869 875
869 876 875
875 876 882
876 883 882
882 883 889
883 890 889
889 890 896
890 897 896
896 897 903
897 904 903
862 863 869
863 870 869
869 870 876
870 877 876
876 877 883
877 884 883
883 884 890
884 891 890
890 891 897
891 898 897
897 898 904
898 905 904
863 864 870
864 871 870
870 871 877
871 878 877
877 878 884
878 885 884
884 885 891
885 892 891
891 892 898
892 899 898
898 899 905
899 906 905
864 865 871
865 872 871
871 872 878
872 879 878
878 879 885
879 886 885
885 886 892
886 893 892
892 893 899
893 900 899
899 900 906
900 907 906
908 909 915
909 916 915
915 916 922
916 923 922
922 923 929
923 930 929
929 930 936
930 937 936
936 937 943
937 944 943
943 944 950
944 951 950
909 910 916
910 917 916
916 917 923
917 924 923
923 924 930
924 931 930
930 931 937
931 938 937
937 938 944
938 945 944
944 945 951
945 952 951
910 911 917
911 918 917
917 918 924
918 925 924
924 925 931
925 932 931
931 932 938
932 939 938
938 939 945
939 946 945
945 946 952
946 953 952
911 912 918
912 919 918
918 919 925
919 926 925
925 926 932
926 933 932
932 933 939
933 940 939
939 940 946
940 947 946
946 947 953
947 954 953
912 913 919
913 920 919
919 920 926
920 927 926
926 927 933
927 934 933
933 934 940
934 941 940
940 941 947
941 948 947
947 948 954
948 955 954
913 914 920
914 921 920
920 921 927
921 928 927
927 928 934
928 935 934
934 935 941
935 942 941
941 942 948
942 949 948
948 949 955
949 956 955
957 958 964
958 965 964
964 965 971
965 972 971
971 972 978
972 979 978
978 979 985
979 986 985
985 986 992
986 993 992
992 993 999
993 1000 999
958 959 965
959 966 965
965 966 972
966 973 972
972 973 979
973 980 979
979 980 986
980 987 986
986 987 993
987 994 993
993 994 1000
994 1001 1000
959 960 966
960 967 966
966 967 973
967 974 973
973 974 980
974 981 980
980 981 987
981 988 987
987 988 994
988 995 994
994 995 1001
995 1002 1001
960 961 967
961 968 967
967 968 974
968 975 974
974 975 981
975 982 981
981 982 988
982 989 988
988 989 995
989 996 995
995 996 1002
996 1003 1002
961 962 968
962 969 968
968 969 975
969 976 975
975 976 982
976 983 982
982 983 989
983 990 989
989 990 996
990 997 996
996 997 1003
997 1004 1003
962 963 969
963 970 969
969 970 976
970 977 976
976 977 983
977 984 983
983 984 990
984 991 990
990 991 997
991 998 997
997 998 1004
998 1005 1004
300 301 310
301 311 310
310 311 320
311 321 320
320 321 330
321 331 330
330 331 340
331 341 340
340 341 350
341 351 350
350 351 360
351 361 360
360 361 370
361 371 370
370 371 380
371 381 380
380 381 390
381 391 390
301 302 311
302 312 311
311 312 321
312 322 321
321 322 331
322 332 331
331 332 341
332 342 341
341 342 351
342 352 351
351 352 361
352 362 361
361 362 371
362 372 371
371 372 381
372 382 381
381 382 391
382 392 391
302 303 312
303 313 312
312 313 322
313 323 322
322 323 332
323 333 332
332 333 342
333 343 342
342 343 352
343 353 352
352 353 362
353 363 362
362 363 372
363 373 372
372 373 382
373 383 382
382 383 392
383 393 392
303 304 313
304 314 313
313 314 323
314 324 323
323 324 333
324 334 333
333 334 343
334 344 343
343 344 353
344 354 353
353 354 363
354 364 363
363 364 373
364 374 373
373 374 383
374 384 383
383 384 393
384 394 393
304 305 314
305 315 314
314 315 324
315 325 324
324 325 334
325 335 334
334 335 344
335 345 344
344 345 354
345 355 354
354 355 364
355 365 364
364 365 374
365 375 374
374 375 384
375 385 384
384 385 394
385 395 394
305 306 315
306 316 315
315 316 325
316 326 325
325 326 335
326 336 335
335 336 345
336 346 345
345 346 355
346 356 355
355 356 365
356 366 365
365 366 375
366 376 375
375 376 385
376 386 385
385 386 395
386 396 395
306 307 316
307 317 316
316 317 326
317 327 326
326 327 336
327 337 336
336 337 346
337 347 346
346 347 356
347 357 356
356 357 366
357 367 366
366 367 376
367 377 376
376 377 386
377 387 386
386 387 396
387 397 396
307 308 317
308 318 317
317 318 327
318 328 327
327 328 337
328 338 337
337 338 347
338 348 347
347 348 357
348 358 357
357 358 367
358 368 367
367 368 377
368 378 377
377 378 387
378 388 387
387 388 397
388 398 397
308 309 318
309 319 318
318 319 328
319 329 328
328 329 338
329 339 338
338 339 348
339 349 348
348 349 358
349 359 358
358 359 368
359 369 368
368 369 378
369 379 378
378 379 388
379 389 388
388 389 398
389 399 398
400 401 410
401 411 410
410 411 420
411 421 420
420 421 430
421 431 430
430 431 440
431 441 440
440 441 450
441 451 450
450 451 460
451 461 460
460 461 470
461 471 470
470 471 480
471 481 480
480 481 490
481 491 490
401 402 411
402 412 411
411 412 421
412 422 421
421 422 431
422 432 431
431 432 441
432 442 441
441 442 451
442 452 451
451 452 461
452 462 461
461 462 471
462 472 471
471 472 481
472 482 481
481 482 491
482 492 491
402 403 412
403 413 412
412 413 422
413 423 422
422 423 432
423 433 432
432 433 442
433 443 442
442 443 452
443 453 452
452 453 462
453 463 462
462 463 472
463 473 472
472 473 482
473 483 482
482 483 492
483 493 492
403 404 413
404 414 413
413 414 423
414 424 423
423 424 433
424 434 433
433 434 443
434 444 443
443 444 453
444 454 453
453 454 463
454 464 463
463 464 473
464 474 473
473 474 483
474 484 483
483 484 493
484 494 493
404 405 414
405 415 414
414 415 424
415 425 424
424 425 434
425 435 434
434 435 444
435 445 444
444 445 454
445 455 454
454 455 464
455 465 464
464 465 474
465 475 474
474 475 484
475 485 484
484 485 494
485 495 494
405 406 415
406 416 415
415 416 425
416 426 425
425 426 435
426 436 435
435 436 445
436 446 445
445 446 455
446 456 455
455 456 465
456 466 465
465 466 475
466 476 475
475 476 485
476 486 485
485 486 495
486 496 495
406 407 416
407 417 416
416 417 426
417 427 426
426 427 436
427 437 436
436 437 446
437 447 446
446 447 456
447 457 456
456 457 466
457 467 466
466 467 476
467 477 476
476 477 486
477 487 486
486 487 496
487 497 496
407 408 417
408 418 417
417 418 427
418 428 427
427 428 437
428 438 437
437 438 447
438 448 447
447 448 457
448 458 457
457 458 467
458 468 467
467 468 477
468 478 477
477 478 487
478 488 487
487 488 497
488 498 497
408 409 418
409 419 418
418 419 428
419 429 428
428 429 438
429 439 438
438 439 448
439 449 448
448 449 458
449 459 458
458 459 468
459 469 468
468 469 478
469 479 478
478 479 488
479 489 488
488 489 498
489 499 498
500 501 504
501 505 504
504 505 508
505 509 508
508 509 512
509 513 512
501 502 505
502 506 505
505 506 509
506 510 509
509 510 513
510 514 513
502 503 506
503 507 506
506 507 510
507 511 510
510 511 514
511 515 514
